17.791988372802734
4.050022602081299
0.7354431748390198
38.28850173950195
1.4179306030273438
1.351070761680603
1.4291198253631592
1.299397587776184
1.3463389873504639
1.3574961423873901
1.2618545293807983
1.4135318994522095
1.4235100746154785
1.485313892364502
1.3420448303222656
1.1091361045837402
1.160674810409546
1.3285919427871704
1.2447775602340698
1.2169098854064941
1.1189342737197876
1.1584765911102295
1.4577224254608154
1.3335968255996704
1.1353950500488281
1.038413643836975
1.3957830667495728
1.0817947387695312
1.0880454778671265
1.1080448627471924
1.173443078994751
1.135440468788147
1.0856584310531616
1.1859064102172852
0.9354226589202881
0.9709807634353638
1.0826764106750488
1.0119305849075317
1.0948976278305054
1.069703221321106
0.9182167053222656
1.0086323022842407
1.0177977085113525
0.7806288003921509
0.9960790276527405
0.8368434906005859
0.6445250511169434
0.8164702653884888
0.7155875563621521
0.6730676889419556
0.45069703459739685
0.8027978539466858
0.970429539680481
0.7827810645103455
0.7986655235290527
0.7021475434303284
0.8571011424064636
0.6059638261795044
0.8160665035247803
0.9162404537200928
0.7652186751365662
0.6422386169433594
0.535805344581604
0.6786836385726929
0.4823124408721924
0.6971035003662109
0.5631702542304993
0.6554129719734192
0.5454237461090088
0.29735758900642395
0.37864264845848083
0.2516863942146301
0.2678888142108917
0.16396473348140717
0.16096612811088562
0.16438227891921997
0.13378353416919708
0.16808490455150604
0.15083210170269012
0.16148002445697784
0.19012588262557983
0.1444232165813446
0.18663284182548523
0.38499096035957336
0.24344703555107117
0.1737912893295288
0.1781911849975586
0.11658616364002228
0.10891760885715485
0.1875726282596588
0.16834159195423126
0.27282068133354187
0.3070194721221924
0.224120631814003
0.1540118306875229
0.13027970492839813
0.21193857491016388
0.23022687435150146
0.2052227407693863
0.28425273299217224
0.13593722879886627
0.16855239868164062
0.12560325860977173
0.14473381638526917
0.16390842199325562
0.1486840397119522
0.20552484691143036
0.25290969014167786
0.24716722965240479
0.3138311505317688
0.20318938791751862
0.19110840559005737
0.1424223631620407
0.2903409004211426
0.15916232764720917
0.24616563320159912
0.20584602653980255
0.26780885457992554
0.13889923691749573
0.15783323347568512
0.15436716377735138
0.138676255941391
0.1564488261938095
0.12838536500930786
0.16512922942638397
0.2091062366962433
0.16276207566261292
0.13357442617416382
0.24148182570934296
0.2262856811285019
0.257102370262146
0.14597178995609283
0.2011461853981018
0.2166421115398407
0.16304481029510498
0.1809505969285965
0.19189777970314026
0.1838323026895523
0.15690380334854126
0.22807501256465912
0.14347510039806366
0.1608593612909317
0.16220122575759888
0.1618882417678833
0.3155558109283447
0.26122307777404785
0.21568067371845245
1.4351170063018799
70.69535064697266
0.21847322583198547
0.2754429578781128
0.3193569779396057
0.27759894728660583
0.1698857694864273
0.33858969807624817
0.24318161606788635
0.21436893939971924
0.17565637826919556
0.23717887699604034
0.2157021313905716
0.20994608104228973
0.18843574821949005
0.22583012282848358
0.1561456173658371
0.19328473508358002
0.1365954577922821
0.1533617377281189
0.16778890788555145
0.14663243293762207
0.18392711877822876
0.205276757478714
0.1820833534002304
0.19560280442237854
0.13979685306549072
0.16915962100028992
0.19011975824832916
0.16393451392650604
0.10777081549167633
0.17753736674785614
0.20728902518749237
0.1896459013223648
0.14302895963191986
0.15332792699337006
0.13380582630634308
0.21636970341205597
0.17500025033950806
0.19846555590629578
0.17568226158618927
0.14984837174415588
0.10296835005283356
0.15314225852489471
0.15270400047302246
0.15942956507205963
0.1397293657064438
0.14346247911453247
0.1864555925130844
0.1502363383769989
0.16388125717639923
0.14212819933891296
0.22421251237392426
0.15198159217834473
0.14010180532932281
0.20912285149097443
0.12860363721847534
0.0942145437002182
0.18568670749664307
0.13943219184875488
0.18452240526676178
0.1539461314678192
0.21121540665626526
0.2013341188430786
0.1680925339460373
0.16639812290668488
0.15654316544532776
0.14558371901512146
0.18149688839912415
0.159980908036232
0.20795120298862457
0.10659298300743103
0.13562077283859253
0.20323805510997772
0.1908009648323059
0.1848233938217163
0.16174492239952087
0.20670409500598907
0.2016172856092453
0.12672537565231323
0.1654793620109558
0.19460304081439972
0.1262308657169342
0.15062099695205688
0.1688656061887741
0.1618109941482544
0.15073055028915405
0.2564218044281006
0.15808841586112976
0.17976535856723785
0.2098255306482315
0.15329775214195251
0.1815490573644638
0.1431160569190979
0.1950022578239441
0.1152755618095398
0.20128993690013885
0.18535776436328888
0.14422543346881866
0.23670688271522522
0.17639032006263733
0.23048265278339386
0.1905447542667389
0.19703836739063263
0.20786477625370026
0.1286391317844391
0.13036960363388062
0.1381046026945114
0.19611987471580505
0.14955860376358032
0.2037588506937027
0.19091853499412537
0.18005383014678955
0.15590059757232666
0.1677749752998352
0.18166349828243256
0.1840752214193344
0.21585752069950104
0.20351846516132355
0.20091207325458527
0.14551249146461487
0.17563177645206451
0.1867230385541916
0.20651565492153168
0.1624191701412201
0.1368722766637802
0.1820591390132904
0.16653358936309814
0.1645902395248413
0.16100841760635376
0.14808672666549683
0.17593015730381012
0.25728583335876465
0.19635675847530365
0.17360058426856995
0.1879170835018158
0.1630525141954422
0.14928413927555084
0.17130537331104279
0.19188272953033447
0.16494449973106384
0.18465648591518402
0.20455802977085114
0.15511640906333923
0.13565097749233246
0.15725775063037872
0.16794902086257935
0.20018360018730164
0.12664644420146942
0.21792520582675934
0.14598307013511658
0.1563672572374344
0.18064239621162415
0.17391756176948547
0.13616499304771423
0.1550901234149933
0.19822147488594055
0.18020707368850708
0.18213962018489838
0.18359754979610443
0.13772402703762054
0.17783156037330627
0.19643230736255646
0.18842710554599762
0.15914830565452576
0.1954079568386078
0.17080138623714447
0.17997997999191284
0.13969817757606506
0.14550937712192535
0.14619450271129608
0.19648367166519165
0.2153182178735733
0.21552850306034088
0.1907341033220291
0.1853746920824051
0.14132174849510193
0.1258927434682846
0.21970638632774353
0.19842056930065155
0.18017278611660004
0.14462973177433014
0.26330479979515076
0.19935913383960724
0.2215619683265686
0.2481916844844818
0.1436895877122879
0.1585584282875061
0.18400326371192932
0.16919927299022675
0.18422287702560425
0.2056778520345688
0.17290203273296356
0.20078204572200775
0.18251056969165802
0.1750590205192566
0.1870657205581665
0.21572376787662506
0.19563771784305573
0.15494948625564575
0.15294454991817474
0.16593150794506073
0.16260336339473724
0.15813389420509338
0.1552620828151703
0.15022656321525574
0.17579707503318787
0.1449146717786789
0.18316611647605896
0.19093120098114014
0.18945641815662384
0.19856305420398712
0.22364532947540283
0.21308790147304535
0.15119081735610962
0.17999742925167084
0.15762369334697723
0.14461907744407654
0.17319799959659576
0.22385649383068085
0.1580083668231964
0.12465427070856094
0.14840298891067505
0.1619308590888977
0.10368447005748749
0.17253944277763367
0.18485566973686218
0.1676444262266159
0.1449580192565918
0.16388897597789764
0.16791178286075592
0.13286712765693665
0.21333488821983337
0.21591180562973022
0.14558523893356323
0.19448213279247284
0.16138143837451935
0.19055259227752686
0.1684313416481018
0.20100384950637817
0.23682564496994019
0.2317645251750946
0.10966312140226364
0.18038307130336761
0.1896810084581375
0.1790320724248886
0.16755364835262299
0.2362026423215866
0.1697208732366562
0.13269777595996857
0.17834194004535675
0.16159072518348694
0.1563575565814972
0.24006876349449158
0.16270625591278076
0.15191465616226196
0.2396489977836609
0.15204332768917084
0.1341368705034256
0.16538415849208832
0.18452978134155273
0.13969014585018158
0.1338539719581604
0.19321532547473907
0.18488824367523193
0.20623336732387543
0.19468894600868225
0.2247331291437149
0.21586595475673676
0.16764681041240692
0.18046438694000244
0.18029256165027618
0.1696234941482544
0.18258705735206604
0.1965540647506714
0.1865055412054062
0.19471217691898346
0.21751900017261505
0.18004828691482544
0.20444265007972717
0.19502770900726318
0.17107602953910828
0.11933038383722305
0.1847981959581375
0.12394151091575623
0.19555503129959106
0.16724205017089844
0.14892219007015228
0.18176133930683136
0.18388310074806213
0.1682615876197815
0.16190043091773987
0.15886326134204865
0.1473965048789978
0.13628770411014557
0.16230304539203644
0.2040753811597824
0.2005079835653305
0.16432666778564453
0.1637154072523117
0.16130366921424866
0.18766258656978607
0.15641285479068756
0.14727839827537537
0.14091700315475464
0.15240870416164398
0.1355181336402893
0.1500810980796814
0.1793053299188614
0.18666356801986694
3.465169668197632
0.1912757158279419
0.18862180411815643
0.14807920157909393
0.20009683072566986
0.19348283112049103
0.18598297238349915
0.13433299958705902
0.09740682691335678
0.17754995822906494
0.13496389985084534
0.12365511804819107
0.18868428468704224
0.11999194324016571
0.15534351766109467
0.16982212662696838
0.10997951775789261
0.16282549500465393
0.13573887944221497
0.09070741385221481
0.1591464877128601
0.2547418475151062
0.17046797275543213
0.16706004738807678
0.1461842656135559
0.17971272766590118
0.11908303946256638
0.13506826758384705
0.1734338402748108
0.14745639264583588
0.18051029741764069
0.1717284619808197
0.1774401217699051
0.15340250730514526
0.15454702079296112
0.14851537346839905
0.1909111589193344
0.1284976303577423
0.17408859729766846
0.16520872712135315
0.17420633137226105
0.16266092658042908
0.16887646913528442
0.14347128570079803
0.14656232297420502
0.19343329966068268
0.17102311551570892
0.14528687298297882
0.14441463351249695
0.13822738826274872
0.2056034505367279
0.17617672681808472
0.218034565448761
0.19015221297740936
0.15474088490009308
0.16013921797275543
0.1986929178237915
0.15748097002506256
0.1449015587568283
0.1702011078596115
0.19668808579444885
0.18833541870117188
0.19713588058948517
0.109422467648983
0.1498686969280243
0.1381036341190338
0.15380360186100006
0.12976354360580444
0.17285402119159698
0.18226298689842224
0.13856378197669983
0.14477002620697021
0.13065220415592194
151.39291381835938
0.18519556522369385
0.18407288193702698
0.15973752737045288
0.15503469109535217
0.1835658848285675
0.14070142805576324
0.20093019306659698
0.10417790710926056
0.1805592030286789
0.15582089126110077
0.14633281528949738
0.18138837814331055
0.18131861090660095
0.13587142527103424
0.15474675595760345
0.18163463473320007
0.1716504991054535
0.18242330849170685
0.14630061388015747
0.14251667261123657
0.15556764602661133
0.12314122915267944
0.16312852501869202
0.2113616168498993
0.22669199109077454
0.0961695984005928
0.1760583519935608
0.13427312672138214
0.17117860913276672
0.21459393203258514
0.13742627203464508
0.20422738790512085
0.17078448832035065
0.15862661600112915
0.1650821715593338
0.148424431681633
0.1564100980758667
0.1557462364435196
0.14697711169719696
0.14280450344085693
0.22958610951900482
0.16805493831634521
0.1611618995666504
0.15614184737205505
0.1858627200126648
0.1731252819299698
0.1559423804283142
0.11456348747015
0.18962639570236206
0.16280832886695862
0.17305468022823334
0.13077521324157715
0.160458043217659
0.21895791590213776
0.15485680103302002
0.16030330955982208
0.12389587610960007
0.12934328615665436
0.1322326511144638
0.16303683817386627
0.19263885915279388
0.20718374848365784
0.16321633756160736
0.17120178043842316
0.17031016945838928
0.13703693449497223
0.17220619320869446
0.16276861727237701
0.13907137513160706
0.14316712319850922
0.16711747646331787
0.18904118239879608
0.1450914442539215
0.170837864279747
0.22612108290195465
0.15728923678398132
0.1842808723449707
0.18925176560878754
0.13864076137542725
0.1339101791381836
0.19511504471302032
0.1791662722826004
0.14954034984111786
0.15949982404708862
0.15791329741477966
0.16159017384052277
0.19072695076465607
0.15995196998119354
0.15964698791503906
0.15564730763435364
0.11879260092973709
0.17844024300575256
0.12739135324954987
0.17809154093265533
0.13964609801769257
0.19228723645210266
0.20081762969493866
0.1550704836845398
0.11554465442895889
0.13696622848510742
0.15158997476100922
0.17754216492176056
0.21028053760528564
0.19908660650253296
0.16193796694278717
0.13510620594024658
0.17126336693763733
0.1771257072687149
0.15021969377994537
0.21358317136764526
0.14587700366973877
0.09998461604118347
0.21705397963523865
0.2290394902229309
0.15101413428783417
0.13692013919353485
0.10385015606880188
0.15637364983558655
0.19292587041854858
0.19471432268619537
0.15809060633182526
0.17856521904468536
0.14525708556175232
0.20550866425037384
0.1714317947626114
0.17213696241378784
0.21686691045761108
0.13317044079303741
0.19334454834461212
0.15950949490070343
0.1339481770992279
0.14858025312423706
0.17880284786224365
0.12969087064266205
0.14339321851730347
0.14338213205337524
0.15455296635627747
0.16001705825328827
0.16339300572872162
0.17099545896053314
0.18119743466377258
0.1664063036441803
6.530459403991699
0.15920685231685638
0.19973459839820862
0.14480598270893097
0.1646251231431961
0.15748408436775208
0.17240196466445923
0.15816763043403625
0.21082352101802826
0.17044597864151
0.18125514686107635
0.14736340939998627
0.19184671342372894
0.185196191072464
0.15517829358577728
0.18454372882843018
0.16463422775268555
0.1625937521457672
0.1784156858921051
0.13980291783809662
0.184256911277771
0.12663130462169647
0.18390828371047974
0.1809695065021515
0.14592672884464264
0.19825215637683868
0.12424502521753311
0.17078882455825806
0.1825699806213379
0.16041070222854614
0.20690017938613892
0.1504926085472107
0.17860530316829681
0.1458415389060974
0.17410728335380554
0.111249640583992
0.166935995221138
0.1677262932062149
0.1679820865392685
0.16086968779563904
0.19863475859165192
0.13450327515602112
0.1836533397436142
0.15457268059253693
0.10099461674690247
0.17811504006385803
0.16056741774082184
0.13459265232086182
0.12956994771957397
0.16057704389095306
0.18215587735176086
0.15406011044979095
0.16951127350330353
0.1551852971315384
0.1375049352645874
0.15278173983097076
0.20682956278324127
0.12472537159919739
0.12471012026071548
0.18462812900543213
0.15178045630455017
0.1348629891872406
0.18786296248435974
0.16058588027954102
0.15665726363658905
0.15794947743415833
0.21783387660980225
0.17379358410835266
0.1597764641046524
0.1677226424217224
0.23117657005786896
0.14568845927715302
0.16207870841026306
0.18564903736114502
0.12189998477697372
0.15206767618656158
0.1869903951883316
0.16044586896896362
0.1817183643579483
0.2285657525062561
0.1485152542591095
0.146637961268425
0.1574420928955078
0.15879322588443756
0.1337609440088272
0.12909218668937683
0.15266817808151245
0.14006398618221283
0.1846335381269455
0.17117343842983246
0.15809394419193268
0.16120542585849762
0.1704847365617752
0.14757072925567627
0.18320363759994507
0.163694366812706
0.1525764763355255
0.12293964624404907
0.19982151687145233
0.15370823442935944
0.11237331479787827
0.1876523345708847
0.13275423645973206
0.6819940209388733
0.17611178755760193
0.14711545407772064
0.18192733824253082
0.1296284943819046
0.10598547756671906
0.22020475566387177
0.16999882459640503
0.13635596632957458
0.18926860392093658
0.1653704047203064
0.17122168838977814
0.17663057148456573
0.180597186088562
0.17736013233661652
0.1439955234527588
0.13298502564430237
0.19148695468902588
0.18629734218120575
0.19661206007003784
0.09498539566993713
0.10196761786937714
0.18954633176326752
0.1935250610113144
0.14184238016605377
0.11847606301307678
0.15609249472618103
0.1911660134792328
0.14615118503570557
0.16373270750045776
0.16986387968063354
0.1112734004855156
0.22097986936569214
0.15400132536888123
0.17306561768054962
0.1508103907108307
0.14611275494098663
0.17160455882549286
0.1477288007736206
0.15124379098415375
0.17277702689170837
0.24506740272045135
0.12462539970874786
0.21447040140628815
0.14771166443824768
0.15983742475509644
0.13997364044189453
0.191691055893898
0.15158438682556152
0.17545261979103088
0.16716168820858002
0.17381761968135834
0.22135885059833527
0.17434251308441162
0.13066035509109497
0.18144768476486206
0.21635881066322327
0.13543400168418884
0.18576951324939728
9.867903709411621
0.14838403463363647
0.20121711492538452
0.15454721450805664
0.18444062769412994
0.18915718793869019
0.12967851758003235
0.14526277780532837
0.1873926967382431
0.1640171855688095
0.16765090823173523
0.14158962666988373
0.1683911830186844
0.17152385413646698
0.18227724730968475
0.13533948361873627
0.1491437554359436
0.1737632304430008
0.1392475962638855
0.1172611266374588
0.13782592117786407
0.15008799731731415
0.16747279465198517
0.1790371686220169
0.10546678304672241
0.1563391089439392
0.1897543966770172
0.12672418355941772
0.19432026147842407
0.16265331208705902
0.16519588232040405
0.12427461892366409
0.147458016872406
0.1416972577571869
0.18758809566497803
0.17388002574443817
0.12355876713991165
0.16451650857925415
0.18932966887950897
0.14811760187149048
0.19618776440620422
0.13913017511367798
0.17742370069026947
0.1285131573677063
0.21650490164756775
0.17051860690116882
0.16819924116134644
0.18050438165664673
0.11628589034080505
0.15763401985168457
0.13805674016475677
0.17399939894676208
0.13434481620788574
0.13766498863697052
0.16832099854946136
0.16374947130680084
0.11813186854124069
0.1786368489265442
0.14201006293296814
0.15548619627952576
0.1364620178937912
0.16746100783348083
0.187115877866745
0.14968931674957275
0.13124124705791473
0.17240488529205322
0.1230686753988266
0.1127370297908783
0.16168777644634247
0.154348224401474
0.112217016518116
0.1917545348405838
0.17489595711231232
0.16114670038223267
0.16095279157161713
0.15956854820251465
0.1419198364019394
0.1411263346672058
0.1679425686597824
0.1377539485692978
0.2085035741329193
0.1656719148159027
0.14358001947402954
0.14974458515644073
0.1599518358707428
0.10737399756908417
0.1593409776687622
0.12504777312278748
0.16148333251476288
0.1503680944442749
0.19014953076839447
0.1785907745361328
0.22828273475170135
0.17127390205860138
0.16174741089344025
0.16133221983909607
0.2022533267736435
0.15779085457324982
0.18543019890785217
0.15644320845603943
0.11684150993824005
0.15282274782657623
0.17575998604297638
0.15628516674041748
0.1907985657453537
0.13825993239879608
0.10274937003850937
0.12020338326692581
0.11946365237236023
0.21320615708827972
0.15259404480457306
0.13148200511932373
0.1844056248664856
0.10971717536449432
0.13610978424549103
0.13307811319828033
0.1273411214351654
0.1494743674993515
0.11706120520830154
0.13249048590660095
0.12623600661754608
0.14246991276741028
0.23854023218154907
0.1705510914325714
0.1805436909198761
0.11886559426784515
0.1761438548564911
0.16661952435970306
0.10786176472902298
0.16068242490291595
0.16901588439941406
0.16381686925888062
0.14048945903778076
0.5305612683296204
0.1304534673690796
0.13026732206344604
0.09575881063938141
0.16631387174129486
0.1689162254333496
0.14011244475841522
0.15594691038131714
0.1381421983242035
0.14200584590435028
0.22486406564712524
0.15164294838905334
0.14985713362693787
0.19119878113269806
0.1160452663898468
0.192743182182312
0.12707296013832092
0.14987747371196747
0.14583124220371246
0.22899684309959412
0.15048252046108246
0.15663868188858032
0.19131873548030853
0.15145079791545868
0.15234661102294922
0.11094366014003754
0.10962323099374771
0.13850492238998413
0.1754370480775833
0.14491583406925201
0.12632986903190613
0.19010572135448456
0.16543422639369965
0.1843157410621643
0.17630386352539062
0.18990686535835266
0.18282721936702728
0.15563607215881348
0.1356205940246582
0.18346883356571198
0.1300143152475357
0.12817612290382385
0.22433288395404816
0.18250074982643127
0.13801181316375732
0.15820588171482086
0.1805146038532257
0.14263854920864105
0.15157637000083923
0.1443108767271042
0.18593719601631165
0.14738963544368744
0.2095545381307602
0.19521865248680115
1.6125470399856567
0.15912920236587524
0.18129023909568787
0.13487772643566132
0.10918640345335007
0.14554184675216675
0.17826847732067108
0.11143334209918976
0.1361345797777176
0.15605920553207397
0.15742212533950806
0.16685014963150024
0.13420657813549042
0.18783843517303467
0.17159412801265717
0.20000769197940826
0.11832349747419357
0.16046273708343506
0.13173076510429382
0.15625451505184174
0.14675526320934296
0.134649395942688
0.1254594922065735
0.1247868463397026
0.18011383712291718
0.17794284224510193
0.14040960371494293
0.14239615201950073
0.1302070915699005
0.15195779502391815
0.1581742763519287
0.21717222034931183
0.1975523978471756
0.1955110728740692
0.13241222500801086
0.1926250457763672
0.16668082773685455
0.16176113486289978
0.1499616801738739
0.16797372698783875
0.15167726576328278
0.15312312543392181
0.14732766151428223
0.14806783199310303
0.1628863513469696
0.17073431611061096
0.14371216297149658
0.17676109075546265
0.15685014426708221
0.14397649466991425
0.14669828116893768
0.12291287630796432
0.13134658336639404
0.1744818091392517
0.16026362776756287
0.1124611645936966
0.14488549530506134
0.16108135879039764
0.15477241575717926
0.1394607573747635
0.14357036352157593
0.17066961526870728
0.3595089018344879
0.21862982213497162
0.22968055307865143
0.16780683398246765
0.13732784986495972
0.18091636896133423
0.18411166965961456
0.13386861979961395
0.16754913330078125
0.11646778881549835
0.19969874620437622
0.14788159728050232
0.19402490556240082
0.1508263349533081
0.14895235002040863
0.14383703470230103
0.09874622523784637
0.11595255881547928
0.12493965774774551
0.13481007516384125
0.1681319773197174
0.14399221539497375
0.20641808211803436
0.17791609466075897
0.15826040506362915
0.18112067878246307
0.15117943286895752
0.18607206642627716
0.12001411616802216
0.11125577986240387
0.22697263956069946
0.1549222618341446
0.16376475989818573
0.15805399417877197
0.16774751245975494
0.1640065312385559
0.15531206130981445
0.15235374867916107
0.1426953375339508
0.159235879778862
0.12086797505617142
0.18623514473438263
0.11112172901630402
0.15146052837371826
0.2277507781982422
5.106685638427734
0.19569605588912964
0.2522701025009155
0.25985756516456604
0.1907753050327301
0.1749371737241745
0.18832199275493622
0.2077622264623642
0.14434561133384705
0.15485619008541107
0.18745025992393494
0.20055271685123444
0.19694431126117706
0.15560734272003174
0.15299196541309357
0.17196404933929443
0.16339915990829468
0.14590059220790863
0.17495739459991455
0.1754874289035797
0.10620838403701782
0.16722388565540314
0.16532248258590698
0.1472678780555725
0.12835603952407837
0.11843143403530121
0.21458736062049866
0.12957878410816193
0.14917640388011932
0.1339651346206665
0.19167643785476685
0.13235877454280853
0.13624843955039978
0.17675213515758514
0.16089816391468048
0.12340125441551208
0.15398022532463074
0.1565438210964203
0.12185164541006088
0.12591616809368134
0.11814503371715546
0.19752345979213715
0.14938700199127197
0.18377454578876495
0.18940094113349915
0.17260563373565674
0.16188287734985352
0.15474753081798553
0.185149148106575
0.1280176043510437
0.16966558992862701
0.15921233594417572
0.13753460347652435
0.1090463250875473
0.1413031816482544
0.18249428272247314
0.16949217021465302
0.1350099891424179
0.13963226974010468
0.2087670862674713
0.14286410808563232
0.16335314512252808
0.14164501428604126
0.14741262793540955
0.1671757847070694
0.1866224855184555
0.14875468611717224
0.15977269411087036
0.17636536061763763
0.1379866749048233
0.13159814476966858
0.1656135618686676
0.1385001838207245
0.21018476784229279
0.17781344056129456
0.1408502459526062
0.19592204689979553
0.1751553863286972
0.14910826086997986
0.12298385798931122
0.12149518728256226
0.1350749135017395
0.15901802480220795
0.1373574286699295
0.1332298368215561
0.13723017275333405
0.13421973586082458
0.15167076885700226
0.14351552724838257
0.1265663504600525
0.14062099158763885
0.16343049705028534
0.17803281545639038
0.10725679248571396
0.14661617577075958
0.15093174576759338
0.1315154880285263
0.09783737361431122
0.14511218667030334
0.09928874671459198
0.11360252648591995
0.09690156579017639
0.13249114155769348
0.15415044128894806
0.13154630362987518
0.177873432636261
0.19776183366775513
0.16223439574241638
0.28071123361587524
0.12460275739431381
0.14485885202884674
0.127247616648674
0.13628484308719635
0.17054086923599243
0.17730529606342316
0.11095461249351501
0.15618950128555298
0.14295566082000732
0.11317328363656998
0.14152604341506958
0.11981108039617538
0.09330105036497116
0.13387922942638397
0.15076901018619537
0.17883287370204926
0.13638989627361298
0.19368410110473633
0.2178422510623932
0.12895360589027405
0.09684470295906067
0.14713960886001587
0.11168894171714783
0.1594448983669281
0.13808700442314148
0.13389374315738678
0.11609456688165665
0.1526833474636078
0.15078029036521912
0.18935270607471466
0.16029123961925507
0.17581021785736084
0.14398086071014404
0.14365637302398682
0.16634830832481384
0.13151544332504272
0.16006647050380707
0.09521007537841797
0.14297690987586975
0.12316566705703735
0.12451240420341492
0.14753364026546478
0.13175778090953827
0.15372765064239502
0.12239678204059601
0.1393163651227951
0.16731500625610352
0.12295763194561005
0.12229609489440918
0.14459313452243805
0.19984707236289978
0.125596821308136
0.11419271677732468
0.14559251070022583
0.10089826583862305
0.11695067584514618
0.12638327479362488
0.16182370483875275
88.71002197265625
0.14546436071395874
0.14066997170448303
0.12746505439281464
0.11772411316633224
0.11684282124042511
0.14525149762630463
0.15379054844379425
0.14140568673610687
0.13118551671504974
0.12058687955141068
0.131126269698143
0.1436079889535904
0.10693233460187912
0.15606197714805603
0.18705423176288605
0.17444637417793274
0.14175879955291748
0.16212107241153717
0.09434445202350616
0.16278047859668732
0.20554763078689575
0.12196394056081772
0.1189802959561348
0.16570807993412018
0.13586953282356262
0.17066355049610138
0.09116863459348679
0.15935248136520386
0.14410890638828278
0.14911238849163055
0.1537000834941864
0.1503012329339981
0.13626256585121155
0.18808071315288544
0.12033192813396454
0.2002672702074051
0.17476199567317963
0.16236184537410736
0.1651380956172943
0.15631479024887085
0.14306025207042694
0.17002977430820465
0.18285256624221802
0.17580746114253998
0.14121007919311523
0.14217838644981384
0.15509691834449768
0.15431876480579376
0.09581777453422546
0.13298000395298004
0.13783258199691772
0.17363962531089783
0.1498289555311203
0.1641794592142105
0.14266985654830933
0.10746591538190842
0.16601356863975525
0.12161241471767426
0.17717227339744568
0.09767143428325653
0.1151571199297905
0.1530015617609024
0.12658394873142242
0.11491241306066513
0.12079958617687225
0.14653727412223816
0.14059263467788696
0.160418301820755
0.1277526468038559
0.14865128695964813
0.12721267342567444
0.14206966757774353
0.12086164206266403
0.12195079773664474
0.18360231816768646
0.16056184470653534
0.15610307455062866
0.12223821878433228
0.11651840806007385
0.11776814609766006
0.22068636119365692
0.11646614223718643
0.10662132501602173
0.13815225660800934
0.14869336783885956
0.15240125358104706
0.16498230397701263
0.12967540323734283
0.16823385655879974
0.1473715454339981
0.09765633940696716
0.15616177022457123
0.11751043051481247
0.13057678937911987
0.16522276401519775
0.1696300059556961
0.1435031145811081
0.10113969445228577
0.10601373016834259
0.14927250146865845
0.1543588638305664
0.1485726237297058
0.12100198864936829
0.15462341904640198
0.1695309430360794
0.15993724763393402
0.14947552978992462
0.1342613250017166
0.12331677228212357
0.1218709871172905
0.1711137741804123
0.12405376136302948
0.18422958254814148
0.14684076607227325
0.10731571167707443
0.14728903770446777
0.14230675995349884
0.12174496054649353
0.09893502295017242
0.11323699355125427
0.11508216708898544
0.18150940537452698
0.10028434544801712
0.1326078474521637
0.11285989731550217
0.18892313539981842
0.16491787135601044
0.18892937898635864
0.15715548396110535
0.13499478995800018
0.11797191947698593
0.12471838295459747
0.14960940182209015
0.1371505707502365
0.15285854041576385
0.17009945213794708
0.14214056730270386
0.14426003396511078
0.12215791642665863
0.09463289380073547
0.10116135329008102
0.1364959329366684
0.13258443772792816
0.14076252281665802
0.09656670689582825
0.20039042830467224
0.1475471407175064
0.10747993737459183
0.14917294681072235
0.12543895840644836
0.1546175628900528
0.14690357446670532
0.1970358043909073
0.15477561950683594
0.1248033419251442
0.13151487708091736
0.15221849083900452
0.14030542969703674
0.10184258222579956
0.16199761629104614
0.13239449262619019
0.15109986066818237
0.1288825422525406
0.1281384378671646
0.11910588294267654
0.15123096108436584
0.12956339120864868
0.14656400680541992
0.13400807976722717
0.12768413126468658
0.23564112186431885
0.1104983240365982
0.14250299334526062
0.19033308327198029
0.11415794491767883
0.17049819231033325
0.15017475187778473
0.12828341126441956
0.13637575507164001
0.14495311677455902
0.12884970009326935
0.1431758999824524
0.11195995658636093
0.1474607139825821
0.16038967669010162
0.139905646443367
0.10706246644258499
0.0969013050198555
0.16572248935699463
0.1216973140835762
0.1498456448316574
0.10511618852615356
0.13328807055950165
0.14687082171440125
0.1167372614145279
0.14422450959682465
0.13270962238311768
0.13606496155261993
0.18392303586006165
0.13318368792533875
0.12685465812683105
0.12124362587928772
0.1944669932126999
0.1041649803519249
0.12361274659633636
0.1429719775915146
0.12579378485679626
0.10902168601751328
0.13886100053787231
0.1947498321533203
0.16883324086666107
0.1458665430545807
0.1331121325492859
0.1539909541606903
0.12027553468942642
0.11486020684242249
0.11639955639839172
0.1405905932188034
0.13495193421840668
0.14012102782726288
0.120631143450737
0.12213409692049026
0.08628566563129425
0.1118272989988327
0.13583365082740784
0.12993790209293365
0.1491435021162033
0.14760585129261017
0.0939907655119896
0.1215164065361023
0.08245982974767685
0.09916356205940247
0.13041828572750092
0.15120269358158112
0.10503489524126053
0.1206296756863594
0.17904259264469147
0.30714258551597595
0.11445065587759018
0.11505205929279327
0.10996510833501816
0.14072130620479584
0.1362380087375641
0.1229502484202385
0.0745459496974945
0.14696252346038818
0.11766253411769867
0.12538333237171173
0.1370331346988678
0.12941212952136993
0.0977528989315033
0.10019741952419281
0.15027055144309998
0.2661389410495758
0.12673699855804443
8.069609642028809
0.17788925766944885
0.15692973136901855
0.1816619634628296
0.14298668503761292
0.11134323477745056
0.17383290827274323
0.11384588479995728
0.10797014832496643
0.13228769600391388
0.09538707137107849
0.10597692430019379
0.10789764672517776
0.1657719761133194
0.15231573581695557
0.10996131598949432
0.08403318375349045
0.11992525309324265
0.11282182484865189
0.1117641031742096
0.08339070528745651
0.14219431579113007
0.11201130598783493
0.14652156829833984
0.12067883461713791
0.11331374198198318
0.09913799911737442
0.12280893325805664
0.0945703536272049
0.10061359405517578
0.1106826588511467
0.10274959355592728
0.07410545647144318
0.13702543079853058
0.0726240798830986
0.143837109208107
0.16383342444896698
0.0981086939573288
0.12772899866104126
0.12952974438667297
0.10409868508577347
0.11331482976675034
0.1213524118065834
0.08482611924409866
0.08564306050539017
0.09969102591276169
0.09442149847745895
0.09827522188425064
0.08567822724580765
0.14248226583003998
0.09277333319187164
0.11402886360883713
0.14368297159671783
0.12328699976205826
0.11468127369880676
0.12379580736160278
0.08805697411298752
0.09109032899141312
0.13071446120738983
0.10420803725719452
0.12000413984060287
0.11502067744731903
0.12365660071372986
0.11446214467287064
0.17580756545066833
0.09972851723432541
0.11170856654644012
0.11284784227609634
0.12693244218826294
0.10244120657444
0.09230389446020126
0.12423638254404068
0.11006024479866028
0.12117407470941544
0.11013524979352951
0.1276126503944397
0.13581731915473938
0.09302844107151031
0.09882249683141708
0.1085607036948204
0.12439370900392532
0.1192702129483223
0.11146419495344162
0.10286633670330048
0.09923294931650162
0.13500399887561798
0.13486947119235992
0.12529806792736053
0.10763754695653915
0.08432739973068237
0.09693466126918793
0.10732156783342361
0.2050846666097641
0.1839529424905777
0.11354023963212967
0.10512113571166992
0.10858477652072906
0.1302035003900528
0.1256706267595291
0.09801468253135681
0.08549851179122925
0.15416671335697174
0.10576978325843811
0.11255960166454315
0.11160872131586075
0.10835357010364532
0.1534583568572998
0.1723705530166626
0.13375882804393768
0.14908598363399506
0.11920183151960373
0.13326428830623627
0.11118347197771072
0.12108217924833298
0.11739318817853928
0.09000355005264282
0.10596884042024612
0.08870700001716614
0.17762045562267303
0.1911671757698059
0.13621629774570465
0.10142234712839127
0.15214906632900238
0.15455982089042664
0.13589325547218323
0.12389656156301498
0.09440296143293381
0.13171720504760742
0.09111965447664261
0.09830605238676071
0.10268177837133408
0.11549640446901321
0.1037367731332779
0.09593559056520462
0.07288070023059845
1756.788330078125
0.10101934522390366
0.101376011967659
0.09411584585905075
0.06388138979673386
0.10504528135061264
0.08809714019298553
0.09526720643043518
0.07646641135215759
0.07802959531545639
0.10067888349294662
0.0995732843875885
0.11497357487678528
0.11065943539142609
0.10371263325214386
0.09531131386756897
0.09886690229177475
0.09543035179376602
0.09762386232614517
0.0665382370352745
0.06839849054813385
0.11380555480718613
0.09035435318946838
0.08608195930719376
0.1071503609418869
0.14001281559467316
0.09003418684005737
0.11531423777341843
0.10588754713535309
0.08908691257238388
0.060143742710351944
0.07756716012954712
0.10631462186574936
0.11488723009824753
0.13551461696624756
0.07323477417230606
0.08274351805448532
0.11163738369941711
0.07153984159231186
0.09136820584535599
0.10244099795818329
0.11390324681997299
0.09540243446826935
0.10331788659095764
0.0995723307132721
0.08965509384870529
0.12212998420000076
0.11191809922456741
0.09774551540613174
0.07224097102880478
0.10934601724147797
0.12523192167282104
0.08244293183088303
0.09068206697702408
0.1027410477399826
0.06907152384519577
0.07432267814874649
0.08049812912940979
0.07909762114286423
0.10498049855232239
0.12049742788076401
0.09342410415410995
0.08753712475299835
0.09541428834199905
0.08713892102241516
0.10461399704217911
0.10985489189624786
0.08874283730983734
0.11161547899246216
0.11889129877090454
0.10657943785190582
0.10591825842857361
0.1205691322684288
0.12077274173498154
0.10405253618955612
0.10784066468477249
0.08039310574531555
0.08068620413541794
0.08480389416217804
0.12294771522283554
0.08496171981096268
0.10214461386203766
0.06717201322317123
0.12961497902870178
0.1249285489320755
0.10059183090925217
0.07509580254554749
0.08752793073654175
0.07377687841653824
0.08528338372707367
0.06916815787553787
0.10558042675256729
0.09812065213918686
0.08156920224428177
0.09950494766235352
0.10572095960378647
0.11673658341169357
0.12862025201320648
0.08538550138473511
0.09892263263463974
0.10338739305734634
0.10486608743667603
0.07791933417320251
0.11811676621437073
0.11964897066354752
0.11803841590881348
0.11149093508720398
0.10517408698797226
0.1352105736732483
0.09345118701457977
0.10512540489435196
0.0896507203578949
0.08911977708339691
0.10171448439359665
0.10520553588867188
0.08590041846036911
0.0911640077829361
0.10212614387273788
0.11755169183015823
0.08565045148134232
0.10742908716201782
0.11070415377616882
0.05435420572757721
0.10876387357711792
0.06834413856267929
0.08595540374517441
0.12372298538684845
0.10282453894615173
0.09243211150169373
0.08421637862920761
0.09236795455217361
0.11354334652423859
0.09187442809343338
0.09362144768238068
0.09764668345451355
0.06979012489318848
0.10366753488779068
0.09677376598119736
0.08137959241867065
0.0966900885105133
0.10796595364809036
0.08552223443984985
0.10688118636608124
0.07865124940872192
0.1299971491098404
0.08759278059005737
0.09340407699346542
0.10236439108848572
0.0833866149187088
0.11557633429765701
0.09069830179214478
0.0891660749912262
0.08939620107412338
0.08398880809545517
0.08667975664138794
0.09588387608528137
0.1251855492591858
0.0671645849943161
0.08669322729110718
0.08656841516494751
0.12212971597909927
0.09983689337968826
0.06124471500515938
0.1041170284152031
0.07445886731147766
0.13664627075195312
0.11072759330272675
0.1126534566283226
0.05876990780234337
0.12482745200395584
0.09537100046873093
0.10274094343185425
0.09441845864057541
0.08003215491771698
0.08757945895195007
0.07570099085569382
0.10082762688398361
0.07243183255195618
0.13790826499462128
0.13393694162368774
0.0932445153594017
0.07415066659450531
0.1008627861738205
0.05376119911670685
0.07108046859502792
0.07087533175945282
0.08443591743707657
0.09776251763105392
0.12836004793643951
0.13191550970077515
0.09835519641637802
0.09207205474376678
0.09632716327905655
0.06890284270048141
0.10199093073606491
0.12472262978553772
0.13162967562675476
0.08835775405168533
0.07809888571500778
0.08629404753446579
0.0716734528541565
0.07737122476100922
0.077389657497406
0.09350734949111938
0.08819911628961563
0.10077602416276932
0.08561670035123825
0.10254038125276566
0.1230783462524414
0.11114650964736938
0.0801062285900116
0.10135671496391296
0.1257854402065277
0.1177867203950882
0.11601818352937698
0.11533050239086151
0.08334530889987946
0.11119423061609268
0.07556390762329102
0.062272511422634125
0.07453815639019012
0.0869092345237732
0.06913747638463974
0.07140757888555527
0.11400851607322693
0.20770637691020966
0.190350741147995
0.08286795020103455
0.0704333558678627
0.05551702529191971
0.08270567655563354
0.06937562674283981
0.07115435600280762
0.07291557639837265
0.08889651298522949
0.08445754647254944
0.11952659487724304
0.0941837951540947
0.08727630972862244
0.10854209959506989
0.08318798989057541
0.07364726811647415
0.07053472846746445
0.06837768852710724
0.05562330782413483
0.1081966757774353
0.21793922781944275
0.23474667966365814
0.10721874982118607
0.1795903742313385
0.10141338407993317
0.062365900725126266
0.11123284697532654
0.06826798617839813
0.06005169823765755
0.11607591807842255
0.07585377991199493
0.06714882701635361
0.050869785249233246
0.08932256698608398
0.09485404938459396
0.08775437623262405
0.08356304466724396
0.076235830783844
0.06773898005485535
0.10376132279634476
0.10302197188138962
0.1258586347103119
0.14303436875343323
0.1185179129242897
0.07973426580429077
0.07220911234617233
0.07744992524385452
0.08539338409900665
0.055490151047706604
0.0756911039352417
0.07272160053253174
0.06418765336275101
0.0808936133980751
0.12840060889720917
0.13641396164894104
0.14034396409988403
0.10535503178834915
0.08584322780370712
0.08370839804410934
0.07862156629562378
0.08245154470205307
0.0686519667506218
0.06992010772228241
0.05543370544910431
0.051508259028196335
0.0674620270729065
0.06496879458427429
0.12672388553619385
0.18133644759655
0.14509883522987366
0.21829406917095184
0.1444871723651886
0.08956705778837204
0.11375263333320618
0.05965761840343475
0.05345980077981949
0.10312826186418533
0.08609908074140549
0.08054406195878983
0.06785117089748383
0.059460386633872986
0.045526180416345596
0.06791943311691284
0.0684075877070427
0.06854435801506042
0.06679847091436386
0.07864939421415329
0.0796637013554573
0.1846245974302292
0.18880705535411835
0.1769120991230011
0.11015058308839798
0.09530294686555862
0.0930662527680397
0.06392057985067368
0.06837454438209534
0.08273302018642426
0.055407509207725525
0.06537104398012161
0.06688959151506424
0.0556129552423954
0.10519014298915863
0.1372283697128296
0.16222795844078064
0.10723172128200531
0.09647506475448608
0.07033444195985794
0.05983312055468559
0.056291211396455765
0.0690155178308487
0.06998743861913681
0.05887928977608681
0.06290370970964432
0.08069116622209549
0.10484485328197479
0.2567296624183655
0.09216627478599548
0.050602857023477554
0.05819728225469589
0.052025433629751205
0.05704692378640175
0.059251751750707626
0.05855744332075119
0.073286272585392
0.08423822373151779
0.10352736711502075
0.06964873522520065
0.06766851246356964
0.07036985456943512
0.06487193703651428
0.06347902119159698
0.052005525678396225
0.04558607563376427
0.049021340906620026
0.060262974351644516
0.04943298175930977
0.05899001285433769
0.05890536680817604
0.0746026262640953
0.11071950197219849
0.1419799029827118
0.09597063809633255
0.07173340022563934
0.059055034071207047
0.07075901329517365
0.08131760358810425
0.10625007003545761
0.0646321028470993
0.06896879523992538
0.0638781487941742
0.08194607496261597
0.07678651809692383
0.07363811135292053
0.07464560866355896
0.1122487261891365
0.1070467084646225
0.07147140800952911
0.06721194833517075
0.07835602760314941
0.07598015666007996
0.0630645826458931
0.06854058057069778
0.12412936985492706
0.1413591355085373
0.10531054437160492
0.28456202149391174
0.096096932888031
0.05652111396193504
0.07708155363798141
0.04602310061454773
0.059392914175987244
0.07109197974205017
0.10238621383905411
0.043189000338315964
0.053009215742349625
0.05403194949030876
0.046313218772411346
0.07010211795568466
0.05502086505293846
0.06311919540166855
0.041906632483005524
0.054128438234329224
0.03433188423514366
0.05854373052716255
0.1260107457637787
0.12241555005311966
0.07160873711109161
0.05500875785946846
0.05380794405937195
0.050090692937374115
0.06008116155862808
0.09241195023059845
0.08877387642860413
0.08105040341615677
0.07423343509435654
0.08528216183185577
0.05944924056529999
0.05912698432803154
0.06576202064752579
0.09039660543203354
0.062470946460962296
0.05386517569422722
0.05026809126138687
0.05688214674592018
0.05976686626672745
0.07423381507396698
0.0658600777387619
0.06889207661151886
0.05133233964443207
0.07442080974578857
0.06384982913732529
0.04794689267873764
0.07993724942207336
0.0620323047041893
0.06543206423521042
0.08664868026971817
0.13288931548595428
0.09460292756557465
0.08766088634729385
0.08980925381183624
0.07264362275600433
0.06993356347084045
0.05167796462774277
0.05848927050828934
0.03812338411808014
0.03098320960998535
0.05852675810456276
0.05349917337298393
0.0679553896188736
0.07585663348436356
0.09378093481063843
0.09984979778528214
0.0811731368303299
0.05569470301270485
0.057968128472566605
0.05026744678616524
0.045203447341918945
0.04496263340115547
0.036731965839862823
0.03495413810014725
0.050102025270462036
0.03758900985121727
0.04235268756747246
0.102915458381176
0.2375442534685135
0.14967064559459686
0.09458503127098083
0.06597878038883209
0.061523113399744034
0.03535059839487076
0.03893347084522247
0.046028636395931244
0.04650893807411194
0.0711757093667984
0.061906639486551285
0.07104451954364777
0.05628344416618347
0.0403052382171154
0.05611390247941017
0.02950211614370346
0.049506258219480515
0.05395951122045517
0.07344911992549896
0.12440355122089386
0.12472529709339142
0.04318981617689133
0.06307105720043182
0.09826236963272095
0.057196542620658875
0.04957829415798187
0.032211557030677795
0.04611518979072571
0.03070826269686222
0.049125488847494125
0.06346798688173294
0.11455127596855164
0.10155804455280304
0.058391179889440536
0.05057479813694954
0.05854089558124542
0.028535740450024605
0.024880586192011833
0.03249150514602661
0.04274333640933037
0.040831878781318665
0.05937022343277931
0.08219348639249802
0.16940125823020935
0.313307523727417
0.08980332314968109
0.04229424521327019
0.06020605191588402
0.04970087110996246
0.0648639053106308
0.03973217308521271
0.03154071792960167
0.0380006842315197
0.03215702250599861
0.03687048330903053
0.02963469922542572
0.03215821832418442
0.07229138910770416
0.10611081123352051
0.08269152045249939
0.04618454352021217
0.03767301142215729
0.027168206870555878
0.032954417169094086
0.045080360025167465
0.04126090183854103
0.04412662982940674
0.06359722465276718
0.11095990240573883
0.06025632470846176
0.06310601532459259
0.07631281763315201
0.03970979154109955
0.024430954828858376
0.031085968017578125
0.03193975239992142
0.028522556647658348
0.037747111171483994
0.03042641654610634
0.028051208704710007
0.021481113508343697
0.0285995751619339
0.07811561226844788
0.31976088881492615
0.1025584489107132
0.040834926068782806
0.026270931586623192
0.032005831599235535
0.06808795779943466
0.0565904900431633
0.0708673894405365
0.04834557697176933
0.05127077177166939
0.04230065271258354
0.03266836702823639
0.02762882225215435
0.032193515449762344
0.039566583931446075
0.034884706139564514
0.04576593264937401
0.07748223841190338
0.10614226013422012
0.05477966368198395
0.03863602504134178
0.0420190654695034
0.02842775359749794
0.024678559973835945
0.024917932227253914
0.03831841051578522
0.07632503658533096
0.0936182513833046
0.0983048528432846
0.08314181119203568
0.08960460871458054
0.07869827002286911
0.0632944330573082
0.04703289642930031
0.041836243122816086
0.035824909806251526
0.04482071101665497
0.06371030956506729
0.07292608916759491
0.04130193218588829
0.04634282737970352
0.03296764940023422
0.03547956049442291
0.03384432569146156
0.04940657690167427
0.06326457858085632
0.07418949902057648
0.043937064707279205
0.047033634036779404
0.06020526587963104
0.06756214052438736
0.09297306090593338
0.10740122944116592
0.0981811136007309
0.06912869215011597
0.029253294691443443
0.03060646541416645
0.031123194843530655
0.045486416667699814
0.03788219392299652
0.03569207340478897
0.016311971470713615
0.020476508885622025
0.021475214511156082
0.03562718629837036
0.04380280524492264
0.0797567367553711
0.09558265656232834
0.07508918642997742
0.08400692045688629
0.07458803057670593
0.03203248232603073
0.02689218521118164
0.026563039049506187
0.03492680937051773
0.03667881339788437
0.030621716752648354
0.023959031328558922
0.018231777474284172
0.023673472926020622
0.031168019399046898
0.044178735464811325
0.06785797327756882
0.08318856358528137
0.05589323118329048
0.04349745810031891
0.04790295287966728
0.03890521451830864
0.03194088116288185
0.03862149640917778
0.046052731573581696
0.045574694871902466
0.056809525936841965
0.058099258691072464
0.05768974870443344
0.05383540689945221
0.026941368356347084
0.042446210980415344
0.03441380709409714
0.029410338029265404
0.03687876835465431
0.03333088010549545
0.035463567823171616
0.0645274817943573
0.061232469975948334
0.05312616378068924
0.03409554064273834
0.0271832887083292
0.018343888223171234
0.021699784323573112
0.0231340192258358
0.038195397704839706
0.0688837543129921
0.07485656440258026
0.08543910086154938
0.07982523739337921
0.08068504184484482
0.06988248974084854
0.0214372631162405
0.017590150237083435
0.02650540880858898
0.023023027926683426
0.026818761602044106
0.02697613649070263
0.02133456990122795
0.01542593166232109
0.011783860623836517
0.02396666258573532
0.0528787337243557
0.05972031503915787
0.0688333809375763
0.07791894674301147
0.057396065443754196
0.04549909755587578
0.03855125606060028
0.02761935256421566
0.02187274396419525
0.02495129592716694
0.023180587217211723
0.013957161456346512
0.022461479529738426
0.016394080594182014
0.02900916151702404
0.05240596830844879
0.07810893654823303
0.08661147952079773
0.07159093767404556
0.0507596917450428
0.033851947635412216
0.02640971913933754
0.020932864397764206
0.01002837810665369
0.019820628687739372
0.020702829584479332
0.01911834441125393
0.016118643805384636
0.034164272248744965
0.05202748626470566
0.06563547998666763
0.08729013800621033
0.0766538456082344
0.065586157143116
0.06138160824775696
0.03038097359240055
0.03166087344288826
0.02493337355554104
0.01879386603832245
0.021664995700120926
0.01233752816915512
0.013360180892050266
0.020522404462099075
0.017393050715327263
0.02781333401799202
0.05157986655831337
0.13964062929153442
0.17227670550346375
0.06626011431217194
0.06081388518214226
0.03393867611885071
0.02548665925860405
0.01635853573679924
0.023279106244444847
0.02150494046509266
0.026998557150363922
0.038192927837371826
0.029527390375733376
0.02196703664958477
0.022659631446003914
0.023478969931602478
0.016516873612999916
0.022165052592754364
0.02422250248491764
0.04530978202819824
0.09385749697685242
0.09259872138500214
0.05885964259505272
0.02560453861951828
0.020783299580216408
0.018601465970277786
0.021130269393324852
0.01662391424179077
0.018489746376872063
0.03904378414154053
0.05252161994576454
0.05567963048815727
0.052009936422109604
0.042185068130493164
0.0359337218105793
0.02491309866309166
0.022877268493175507
0.018301405012607574
0.02283007651567459
0.021035809069871902
0.032527077943086624
0.03635948523879051
0.07380597293376923
0.11115749180316925
0.06991133093833923
0.06326764822006226
0.04663442447781563
0.0190101508051157
0.027490591630339622
0.014840822666883469
0.013203353621065617
0.010392668657004833
0.016665367409586906
0.010088392533361912
0.009789401665329933
0.008971219882369041
0.01941104419529438
0.042516808956861496
0.07317791134119034
0.08520787954330444
0.06539572030305862
0.058694805949926376
0.04149814695119858
0.03465260565280914
0.0268486887216568
0.017057452350854874
0.016903365030884743
0.01667189784348011
0.02413153648376465
0.04121962562203407
0.03786048665642738
0.0341726690530777
0.020179716870188713
0.026429450139403343
0.03096885047852993
0.037742193788290024
0.03996570035815239
0.03852276876568794
0.03619564324617386
0.03599974513053894
0.03393542766571045
0.027770334854722023
0.02108161151409149
0.02570628561079502
0.027106856927275658
0.03267809748649597
0.04998321831226349
0.037588391453027725
0.039338208734989166
0.04558209329843521
0.05824030935764313
0.04095866158604622
0.03715859726071358
0.027531731873750687
0.019054561853408813
0.023657439276576042
0.027517005801200867
0.020736759528517723
0.019860917702317238
0.008874581195414066
0.014800585806369781
0.01756775937974453
0.029147610068321228
0.05835340917110443
0.057703036814928055
0.04182514548301697
0.058136630803346634
0.05383790656924248
0.02796230837702751
0.030850641429424286
0.027158627286553383
0.03447932377457619
0.05107640102505684
0.030243756249547005
0.017135238274931908
0.016395043581724167
0.012370867654681206
0.010452896356582642
0.0072365109808743
0.015856390818953514
0.020035939291119576
0.03500059247016907
0.051698073744773865
0.04781242832541466
0.0436779148876667
0.04431823268532753
0.04962968826293945
0.043252091854810715
0.022490672767162323
0.017739949747920036
0.016514500603079796
0.01879177987575531
0.027788512408733368
0.029418565332889557
0.020555155351758003
0.023565618321299553
0.02059764601290226
0.02991798147559166
0.03802243247628212
0.07323244214057922
0.09843223541975021
0.03944360092282295
0.0341346301138401
0.027776753529906273
0.015212626196444035
0.007891209796071053
0.017924077808856964
0.02285548485815525
0.011383500881493092
0.010229739360511303
0.008655891753733158
0.012295424938201904
0.024020474404096603
0.04637009650468826
0.0779590755701065
0.06059863418340683
0.05995780974626541
0.03755457326769829
0.04251209646463394
0.04079694300889969
0.022401878610253334
0.02247416414320469
0.00872925203293562
0.01958724670112133
0.013168067671358585
0.00969626847654581
0.010499895550310612
0.0211184024810791
0.047530971467494965
0.059557829052209854
0.04506872221827507
0.04369868338108063
0.030155209824442863
0.030234957113862038
0.016469387337565422
0.015216470696032047
0.015486564487218857
0.01733534410595894
0.023745127022266388
0.03062816709280014
0.03047989122569561
0.028187893331050873
0.021606748923659325
0.02267398312687874
0.037046175450086594
0.05318717658519745
0.03664575144648552
0.034258175641298294
0.032416414469480515
0.027034230530261993
0.029163898900151253
0.01865890435874462
0.01583849824965
0.010237681679427624
0.006509680766612291
0.007578675635159016
0.0036533870734274387
0.00927818100899458
0.02009548991918564
0.04272504895925522
0.06941922008991241
0.10305094718933105
0.0905379205942154
0.08727946132421494
0.06961750239133835
0.01690003089606762
0.016028473153710365
0.01976037584245205
0.010709404945373535
0.00882469117641449
0.0068281348794698715
0.012256689369678497
0.005674811080098152
0.007909620180726051
0.013493712060153484
0.028947904706001282
0.04824981838464737
0.04532666131854057
0.03207648918032646
0.017222890630364418
0.015365361236035824
0.019658587872982025
0.01905449852347374
0.011785244569182396
0.014935455285012722
0.01638719066977501
0.031337182968854904
0.03875241428613663
0.03505491465330124
0.03327973186969757
0.03964253142476082
0.03972133249044418
0.029410872608423233
0.021851997822523117
0.020731458440423012
0.01831088401377201
0.009840779937803745
0.0059373462572693825
0.006538168992847204
0.005504417233169079
0.011539796367287636
0.016010817140340805
0.02203848585486412
0.05431762710213661
0.07367203384637833
0.08959665894508362
0.049368906766176224
0.037146035581827164
