1.1531412601470947
0.2400338351726532
0.1356113851070404
0.14132559299468994
0.09252750128507614
0.12294062972068787
0.1024436354637146
0.11603537201881409
0.08544663339853287
0.09165286272764206
0.09899768233299255
0.10033035278320312
0.08339833468198776
0.09195849299430847
0.08103176206350327
0.08649060875177383
0.04870934039354324
0.06841854751110077
0.07725212723016739
0.07304321974515915
0.07399328798055649
0.07939983904361725
0.07524364441633224
0.08845347166061401
0.074060820043087
0.0560583621263504
0.03736702352762222
0.02833385393023491
0.03805457428097725
0.03821740299463272
0.04030227288603783
0.06275907903909683
0.05890289321541786
0.07406892627477646
0.07260477542877197
0.06282001733779907
0.030985970050096512
0.03489859402179718
0.017997905611991882
0.0350935161113739
0.03047911822795868
0.03260009363293648
0.04654110595583916
0.04770573228597641
0.06546258181333542
0.08027023077011108
0.04336053878068924
0.027270613238215446
0.024911513552069664
0.01741446554660797
0.02201666682958603
0.01708788238465786
0.01747772842645645
0.017691519111394882
0.012498735450208187
0.0188958290964365
0.02566603198647499
0.034486547112464905
0.04151581600308418
0.04634609818458557
0.04624519869685173
0.04122958332300186
0.030536241829395294
0.02573779597878456
0.023786580190062523
0.016771722584962845
0.01665782742202282
0.00964259635657072
0.01094543095678091
0.008877290412783623
0.007797360885888338
0.006368251983076334
0.00517703453078866
0.008063805289566517
0.014518890529870987
0.02555685304105282
0.06191100552678108
0.06804067641496658
0.038306623697280884
0.029423780739307404
0.017275189980864525
0.0115841468796134
0.011967875063419342
0.010739054530858994
0.012515975162386894
0.01470271684229374
0.012416358105838299
0.012694508768618107
0.011740150861442089
0.010500378906726837
0.010800766758620739
0.014902234077453613
0.020437562838196754
0.02639063075184822
0.02329477109014988
0.021639060229063034
0.01986473612487316
0.014573030173778534
0.01099560596048832
0.012212722562253475
0.008029165677726269
0.0059168990701437
0.004962432198226452
0.006023752503097057
0.008438405580818653
0.014117946848273277
0.023769211024045944
0.03997163847088814
0.042096883058547974
0.022364217787981033
0.008616143837571144
0.005430871155112982
0.005046640057116747
0.005537122022360563
0.006123215425759554
0.006437812000513077
0.007359279319643974
0.011991956271231174
0.016567731276154518
0.023515485227108
0.02177221141755581
0.019316045567393303
0.014427758753299713
0.01305732224136591
0.011991665698587894
0.012300771661102772
0.014475982636213303
0.013921677134931087
0.012483571656048298
0.011520144529640675
0.010262765921652317
0.010731884278357029
0.009708055295050144
0.009964589029550552
0.010156388394534588
0.012879421934485435
0.015595845878124237
0.017981767654418945
0.013257510960102081
0.010381910018622875
0.012250900268554688
0.013212285004556179
0.011083039455115795
0.010254552587866783
0.009317039512097836
0.010912870988249779
0.011896324343979359
0.012317819520831108
0.01256999745965004
0.01310711819678545
0.011040490120649338
0.00945799145847559
0.00996472779661417
0.010473961010575294
0.010276534594595432
0.009334880858659744
0.008121571503579617
0.00941743515431881
0.011849470436573029
0.015306183136999607
0.018991587683558464
0.019731562584638596
0.014948554337024689
0.011486359871923923
0.010327089577913284
0.009479761123657227
0.008081873878836632
0.007423505187034607
0.007355817127972841
0.009608019143342972
0.009705130010843277
0.009081047028303146
0.011665315367281437
0.013073383830487728
0.01376528013497591
0.0135831069201231
0.010000973008573055
0.008960365317761898
0.007601414807140827
0.008566118776798248
0.010817449539899826
0.013088586740195751
0.012195127084851265
0.011247111484408379
0.009312446229159832
0.008558779023587704
0.007361680269241333
0.009277472272515297
0.013831011950969696
0.018143419176340103
0.017211200669407845
0.01384164672344923
0.012797001749277115
0.009606728330254555
0.006063465029001236
0.005083968862891197
0.0035146507434546947
0.0023056743666529655
0.002703051781281829
0.004146077204495668
0.0052145435474812984
0.008474035188555717
0.012353633530437946
0.018112167716026306
0.02443031594157219
0.021225424483418465
0.016381477937102318
0.010606621392071247
0.006004339084029198
0.0041396464221179485
0.004026556387543678
0.003990386612713337
0.004381304606795311
0.006539931520819664
0.006561830639839172
0.006270176265388727
0.006830382160842419
0.008630776777863503
0.011595823802053928
0.015176919288933277
0.012839483097195625
0.0113825723528862
0.013396769762039185
0.015846166759729385
0.010821720585227013
0.006845178548246622
0.004068260081112385
0.002922446932643652
0.0025915915612131357
0.0016414953861385584
0.001753782737068832
0.00259445421397686
0.005232339724898338
0.00945195835083723
0.018236193805933
