0.9121681451797485
0.30704930424690247
0.5924093723297119
0.15672634541988373
0.2396119236946106
0.1987270712852478
0.2888544499874115
0.20686237514019012
0.3055071532726288
0.2441943734884262
0.2687865197658539
0.13033780455589294
0.1940660923719406
0.280238538980484
0.20725290477275848
0.28785327076911926
0.21306493878364563
0.17967262864112854
0.1889750361442566
0.1593286395072937
0.10675085335969925
0.22387824952602386
0.2206791341304779
0.15123534202575684
0.17493240535259247
0.15058015286922455
0.252474844455719
0.277267187833786
0.2710498869419098
0.32500597834587097
0.14792433381080627
0.1743083894252777
0.17485176026821136
0.3231814205646515
0.20005469024181366
0.22070498764514923
0.1914827674627304
0.14597301185131073
0.1944274753332138
0.1942490041255951
0.20213472843170166
0.14168867468833923
0.14138329029083252
0.22363823652267456
0.2658170759677887
0.25136610865592957
0.28577813506126404
0.15932846069335938
0.14960817992687225
0.20174464583396912
0.1114632710814476
0.15939132869243622
0.20334504544734955
0.2470071017742157
0.19622687995433807
0.22418124973773956
0.1659219115972519
0.1590220034122467
0.15689717233181
0.17984963953495026
0.22584398090839386
0.17902565002441406
0.21300268173217773
0.16080474853515625
0.16414456069469452
0.25929611921310425
0.21495608985424042
0.1807486116886139
0.22631527483463287
0.13733842968940735
0.20728111267089844
0.1825651377439499
0.2842215597629547
0.26396191120147705
0.14788669347763062
0.13034482300281525
0.1560349017381668
0.1922823190689087
0.12976573407649994
0.1808387190103531
0.2031257003545761
0.16815078258514404
0.21742968261241913
0.25776514410972595
0.1628909707069397
0.20176805555820465
0.19632263481616974
0.23882758617401123
0.2308148890733719
0.15141481161117554
0.2306644320487976
0.25205451250076294
0.16103731095790863
0.17108289897441864
0.20200757682323456
0.18797597289085388
0.1831238567829132
0.13263633847236633
0.1496502310037613
0.1801178902387619
0.1886916160583496
0.17299987375736237
0.16706642508506775
0.1434844732284546
0.14074543118476868
0.2161402553319931
0.16951806843280792
0.16194628179073334
0.23460301756858826
0.20395483076572418
0.1759422868490219
0.19100074470043182
0.2026994824409485
0.2002001255750656
0.14272423088550568
0.19649255275726318
0.23819652199745178
0.18581049144268036
0.1735372692346573
0.17125743627548218
0.1712305098772049
