1.3997209072113037
1.0015430450439453
0.9424087405204773
0.779628574848175
0.5750146508216858
0.45991575717926025
0.37060555815696716
0.4354814887046814
0.23114457726478577
0.19797377288341522
0.1682971566915512
0.17960485816001892
0.15558943152427673
0.17495566606521606
0.1530705690383911
0.22168460488319397
0.1945258378982544
0.12240354716777802
0.13681632280349731
0.15084198117256165
0.13106204569339752
0.16151553392410278
0.13283640146255493
0.13096924126148224
0.16830973327159882
0.13217991590499878
0.1386924386024475
0.13723896443843842
0.17042717337608337
0.13206645846366882
0.16843436658382416
0.14364898204803467
0.17308039963245392
0.1119803637266159
0.14937429130077362
0.13820457458496094
0.15568041801452637
0.15730449557304382
0.17858707904815674
0.1526934951543808
0.1984199583530426
0.12581898272037506
0.12008119374513626
0.13909420371055603
0.1354295015335083
0.14935213327407837
0.15183065831661224
0.12054023891687393
0.11417742073535919
0.15379785001277924
0.1335509717464447
0.13534674048423767
0.1316804736852646
0.15474599599838257
0.1023917868733406
0.15395401418209076
0.14303365349769592
0.0987754762172699
0.11703473329544067
0.11587299406528473
0.1352854073047638
0.1439613699913025
0.1388646960258484
0.1531427502632141
0.12877541780471802
0.09647922217845917
0.11351441591978073
0.15598616003990173
0.12378682941198349
0.132351353764534
0.11253294348716736
0.1357916295528412
0.13125979900360107
0.10428536683320999
0.10951156914234161
0.13434456288814545
0.12677408754825592
0.14383815228939056
0.14520764350891113
0.10788405686616898
0.13318926095962524
0.09135433286428452
0.16368991136550903
0.08079715818166733
0.08306398242712021
0.14296622574329376
0.10761314630508423
0.1110650897026062
0.13027092814445496
0.10880200564861298
0.14846959710121155
0.12365297973155975
0.09841782599687576
0.11497637629508972
0.12019617110490799
0.09783155471086502
0.12069030851125717
0.10630173981189728
0.1440507173538208
0.11666461825370789
0.09650760889053345
0.1003018394112587
0.09798257797956467
0.15689899027347565
0.08992167562246323
0.10693059116601944
0.07693031430244446
0.06251316517591476
0.13054649531841278
0.15004591643810272
0.1040126234292984
0.07375650107860565
0.11078821122646332
0.1318088322877884
0.1297065168619156
0.113975889980793
0.0998443067073822
0.10422202944755554
0.14989766478538513
0.11878436803817749
0.09183572977781296
0.12216050922870636
0.13881540298461914
0.09886306524276733
0.10505635291337967
0.10709679871797562
0.10334476828575134
0.09127603471279144
0.09882865101099014
0.07570771127939224
0.11013314127922058
0.08558899909257889
0.11705513298511505
0.0686638280749321
0.1122458279132843
0.09438622742891312
0.11589288711547852
0.12281162291765213
0.11920308321714401
0.11465675383806229
0.11216487735509872
0.10910123586654663
0.11627975106239319
0.1103953868150711
0.10598330199718475
0.10725807398557663
0.08924755454063416
0.11793193221092224
0.12404458969831467
0.13288509845733643
0.14590808749198914
0.07847458124160767
0.10376369208097458
0.08130447566509247
0.10099624842405319
0.10303650051355362
0.09600692987442017
0.10165225714445114
0.0975986123085022
0.10118726640939713
0.07832516729831696
0.11222464591264725
0.08731073141098022
0.12154079228639603
0.11434280127286911
0.13032220304012299
0.0771874263882637
0.10860156267881393
0.08455803990364075
0.09435717761516571
0.19031263887882233
0.09973924607038498
0.09810036420822144
0.09873645007610321
0.10206563025712967
0.12896005809307098
0.11610507220029831
0.08328964561223984
0.11801829189062119
0.09967298805713654
0.08856882899999619
0.09401233494281769
0.06384158879518509
0.1061725988984108
0.08834712207317352
0.10938691347837448
0.07187052071094513
0.1296834498643875
0.1319541037082672
0.11540631204843521
0.09074726700782776
0.08363568037748337
0.10082846879959106
0.09401467442512512
0.09720209240913391
0.07222374528646469
0.06883322447538376
0.058363176882267
0.10946501046419144
0.10432209819555283
0.10166355222463608
0.08462709188461304
0.08542884886264801
0.13507719337940216
0.12233712524175644
0.08176836371421814
0.08106183260679245
0.10800115764141083
0.11151998490095139
0.11020433157682419
0.11306149512529373
0.07558172196149826
0.12032314389944077
0.0934843122959137
0.09165773540735245
0.10154440253973007
0.11653900891542435
0.10971349477767944
0.11467786878347397
0.08830325305461884
0.11043041944503784
0.09104804694652557
0.1191868707537651
0.09156114608049393
0.09111878275871277
0.10377196222543716
0.08276602625846863
0.07768866419792175
0.08539701253175735
0.07783156633377075
0.09075476974248886
0.08815412223339081
0.10522081702947617
0.08496997505426407
0.09709306806325912
0.08505728095769882
0.08273187279701233
0.11618402600288391
0.09169783443212509
0.09249227494001389
0.08381152898073196
0.08576074242591858
0.07219892740249634
0.08493256568908691
0.06255446374416351
0.10432388633489609
0.07663227617740631
0.15297847986221313
0.11316165328025818
0.07969065010547638
0.07433754950761795
0.07656361162662506
0.0941004529595375
0.11539427936077118
0.07586667686700821
0.11605528742074966
0.0873403251171112
0.10886938124895096
0.07687553763389587
0.11310437321662903
0.11699188500642776
0.09524156898260117
0.09109387546777725
0.11570488661527634
0.0827794000506401
0.08020837604999542
0.07276493310928345
0.08508436381816864
0.10975561290979385
0.06851737946271896
0.11236272007226944
0.09442472457885742
0.08795638382434845
0.073240727186203
0.08645996451377869
0.10300924628973007
0.07933554798364639
0.08634431660175323
0.11076913774013519
0.060794178396463394
0.09165926277637482
0.06837140768766403
0.07314277440309525
0.08358018845319748
0.10578064620494843
0.07050658762454987
0.08799219131469727
0.0930267870426178
0.12538984417915344
0.114390067756176
0.20306997001171112
0.18030613660812378
0.07700316607952118
0.08358543366193771
0.0982413962483406
0.11055027693510056
0.06494860351085663
0.069800466299057
0.08010569214820862
0.0553702749311924
0.07605009526014328
0.07056692987680435
0.06423093378543854
0.07083818316459656
0.09055757522583008
0.10542181879281998
0.07405602186918259
0.11154575645923615
0.11227662861347198
0.08804013580083847
0.0718289241194725
0.0680544450879097
0.10287605226039886
0.08044059574604034
0.09195548295974731
0.06312558054924011
0.08044853061437607
0.09791014343500137
0.09310764074325562
0.08689135313034058
0.07526877522468567
0.07796932756900787
0.09681272506713867
0.09524580091238022
0.08168701082468033
0.09457124769687653
0.07103962451219559
0.13771839439868927
0.09977943450212479
0.060593388974666595
0.07964971661567688
0.06752442568540573
0.10509483516216278
0.08507721871137619
0.10073753446340561
0.09454024583101273
0.10606882721185684
0.07574230432510376
0.11884082853794098
0.09158620238304138
0.05719323456287384
0.07697924971580505
0.07430898398160934
0.07919719815254211
0.09422322362661362
0.0951685681939125
0.07650896906852722
0.08954682946205139
0.09745088219642639
0.06624452769756317
0.08795053511857986
0.10437679290771484
0.06056607887148857
0.08477023243904114
0.06334109604358673
0.061913151293992996
0.06316060572862625
0.08951937407255173
0.08099585771560669
0.09268754720687866
0.11245311051607132
0.11116476356983185
0.11495348811149597
0.09257835149765015
0.06510571390390396
0.10031351447105408
0.11203469336032867
0.0754130482673645
0.10546482354402542
0.09471819549798965
0.07892458885908127
0.09702550619840622
0.07663809508085251
0.10556799173355103
0.07596022635698318
0.08909934759140015
0.09036994725465775
0.09278451651334763
0.08596225827932358
0.08774035423994064
0.07696399092674255
0.12676124274730682
0.12331243604421616
0.08704110234975815
0.07866811007261276
0.0586690679192543
0.08259899914264679
0.069785937666893
0.06026041880249977
0.06046030670404434
0.08098512887954712
0.09368126839399338
0.06192483380436897
0.08779430389404297
0.0943508893251419
0.07891735434532166
0.10557001829147339
0.11499721556901932
0.09874019771814346
0.06706014275550842
0.10435762256383896
0.08102921396493912
0.06301745027303696
0.0969109833240509
0.10419460386037827
0.08118432015180588
0.09933150559663773
0.07362063229084015
0.06522795557975769
0.07364318519830704
0.0932588279247284
0.07673635333776474
0.07433383911848068
0.080596424639225
0.06054200977087021
0.08335022628307343
0.058087777346372604
0.08846963942050934
0.10036512464284897
0.10571601241827011
0.0905039981007576
0.08024716377258301
0.08252405375242233
0.07187855988740921
0.09502868354320526
0.0793011337518692
0.06735119968652725
0.09530839323997498
0.06181718036532402
0.07531335204839706
0.08853152394294739
0.09387662261724472
0.10248292237520218
0.08548709005117416
0.06902661919593811
0.1026533767580986
0.09705828875303268
0.0829513818025589
0.0642499178647995
0.11823786050081253
0.07911306619644165
0.07204225659370422
0.06798727065324783
0.12427370995283127
0.06890691816806793
0.0786825492978096
0.07249517738819122
0.07190458476543427
0.07150105386972427
0.10076522082090378
0.08561353385448456
0.08102323859930038
0.07348405569791794
0.06519078463315964
0.09368086606264114
0.06739472597837448
0.07317537069320679
0.08230625092983246
0.08638191968202591
0.06936530768871307
0.06251168996095657
0.08702149987220764
0.07575467973947525
0.07830944657325745
0.10734906792640686
0.053961239755153656
0.07894442975521088
0.05343648046255112
0.07634896785020828
0.047416239976882935
0.07337528467178345
0.065521240234375
0.06504302471876144
0.07849372923374176
0.08022119849920273
0.07110327482223511
0.0901096910238266
0.07961020618677139
0.05957387760281563
0.0742962583899498
0.0769159272313118
0.06884029507637024
0.07341098040342331
0.08394785970449448
0.08762869238853455
0.08803503215312958
0.08865241706371307
0.044632840901613235
0.07401632517576218
0.08101927489042282
0.06388439238071442
0.06437608599662781
0.05979221686720848
0.06445638835430145
0.07694236934185028
0.09079799056053162
0.07529181241989136
0.08218850940465927
0.06110966578125954
0.0767223984003067
0.06180942431092262
0.0693187415599823
0.06035185977816582
0.11333604156970978
0.07844595611095428
0.08491138368844986
0.0834009200334549
0.09280876070261002
0.05288209021091461
0.051261238753795624
0.08067140728235245
0.0770997703075409
0.07403919845819473
0.05066762492060661
0.06790948659181595
0.07548768073320389
0.06669556349515915
0.07938452064990997
0.0785791426897049
0.07398084551095963
0.05568928271532059
0.06984173506498337
0.08241332322359085
0.0853135958313942
0.09007535129785538
0.07254879176616669
0.07224810868501663
0.07300872355699539
0.05622315779328346
0.06803843379020691
0.09488527476787567
0.07848076522350311
0.09522253274917603
0.11817154288291931
0.0789756327867508
0.06124923378229141
0.061020419001579285
0.08122124522924423
0.05202561244368553
0.06641590595245361
0.07370950281620026
0.06656864285469055
0.059930115938186646
0.06889807432889938
0.09095993638038635
0.05560103431344032
0.08601048588752747
0.07042624801397324
0.06358572095632553
0.07340406626462936
0.04718125984072685
0.054318562150001526
0.04352697730064392
0.08500352501869202
0.05248954892158508
0.08809122443199158
0.06488266587257385
0.06400297582149506
0.0358370766043663
0.07004731893539429
0.1553710550069809
0.0893964171409607
0.08316545188426971
0.06052978336811066
0.07876275479793549
0.06190571188926697
0.04937468841671944
0.06885074824094772
0.08329696953296661
0.07629048079252243
0.0530247800052166
0.05158442631363869
0.06233206391334534
0.06610916554927826
0.06342080235481262
0.05183503031730652
0.05434343218803406
0.0770832821726799
0.07540640980005264
0.06236124411225319
0.06432846188545227
0.09196188300848007
0.06954541057348251
0.06878866255283356
0.046069178730249405
0.04035990312695503
0.042736150324344635
0.05237063020467758
0.0803614929318428
0.0686061829328537
0.07521538436412811
0.05188010632991791
0.06388524174690247
0.05206350237131119
0.04675588756799698
0.058663271367549896
0.07461468875408173
0.06402380764484406
0.0552884005010128
0.04602809250354767
0.06751149147748947
0.06617766618728638
0.062172193080186844
0.03623868152499199
0.05417877808213234
0.07893482595682144
0.06376681476831436
0.06644578278064728
0.05702447518706322
0.03735732659697533
0.05205455422401428
0.07247312366962433
0.04702157527208328
0.05460003763437271
0.06648112088441849
0.05588340386748314
0.037455711513757706
0.04839513450860977
0.04404642432928085
0.05007912963628769
0.044243358075618744
0.044368501752614975
0.05454603582620621
0.05259077250957489
0.048778243362903595
0.060683708637952805
0.051174286752939224
0.07321397960186005
0.0703991949558258
0.0642690658569336
0.06577599793672562
0.0472707599401474
0.03842157870531082
0.06505201011896133
0.05683925747871399
0.04954732581973076
0.042825937271118164
0.04192241281270981
0.049352455884218216
0.04244948551058769
0.04578891396522522
0.03968660533428192
0.03459615632891655
0.04436873272061348
0.0353529267013073
0.039388641715049744
0.037226393818855286
0.0434972383081913
0.07327565550804138
0.13579212129116058
0.04749598354101181
0.038416728377342224
0.037583447992801666
0.046888675540685654
0.04616781324148178
0.04420764371752739
0.033000607043504715
0.037381500005722046
0.05948038399219513
0.09028366208076477
0.06857198476791382
0.06815610080957413
0.05043363571166992
0.03806392103433609
0.04892415180802345
0.037223268300294876
0.032340481877326965
0.05026758834719658
0.05405927076935768
0.05930144712328911
0.051223862916231155
0.04442383721470833
0.06289136409759521
0.030865130946040154
0.05453481525182724
0.027044126763939857
0.029834043234586716
0.05017462745308876
0.04744881018996239
0.042562440037727356
0.05167856067419052
0.057554539293050766
0.0307212732732296
0.04217971861362457
0.047516170889139175
0.04112979397177696
0.052515506744384766
0.05710399150848389
0.02746606431901455
0.05021075904369354
0.032879676669836044
0.02706381306052208
0.046335071325302124
0.02270931750535965
0.04167844355106354
0.05248972401022911
0.05558474361896515
0.060556940734386444
0.03765703737735748
0.029395224526524544
0.03591759502887726
0.030725641176104546
0.03804641216993332
0.04953935742378235
0.06505701690912247
0.05203130096197128
0.03248356655240059
0.03770764544606209
0.0276159830391407
0.0319003202021122
0.025919150561094284
0.03321375697851181
0.04650454968214035
0.0399758517742157
0.04935567453503609
0.05290883034467697
0.04199635609984398
0.04301245138049126
0.03713558614253998
0.03540819510817528
0.03076285868883133
0.037463635206222534
0.0440133772790432
0.030659127980470657
0.029045166447758675
0.02274414524435997
0.026143420487642288
0.023900778964161873
0.040748752653598785
0.03539859876036644
0.031355615705251694
0.03843240439891815
0.0325176976621151
0.035799432545900345
0.038787759840488434
0.03458897024393082
0.03247508406639099
0.03856953978538513
0.04194704070687294
0.049648065119981766
0.04705662652850151
0.05059518292546272
0.04856659471988678
0.021421117708086967
0.025570616126060486
0.028090380132198334
0.03148673474788666
0.03571762517094612
0.037965819239616394
0.024163508787751198
0.021265728399157524
0.04161946475505829
0.04721425101161003
0.032154448330402374
0.04253225401043892
0.04957900941371918
0.03993673250079155
0.0255320742726326
0.026968561112880707
0.020931506529450417
0.05147874355316162
0.04482922703027725
0.04446006193757057
0.03897390887141228
0.032893162220716476
0.026806054636836052
0.020495738834142685
0.01976015418767929
0.025760548189282417
0.02185981534421444
0.024254489690065384
0.021842608228325844
0.030783681198954582
0.04183919355273247
0.038308367133140564
0.02764996327459812
0.03648047521710396
0.023584885522723198
0.02793579362332821
0.017154010012745857
0.019257420673966408
0.015499713830649853
0.030705202370882034
0.03719649463891983
0.045065149664878845
0.042368918657302856
0.030163846909999847
0.03371431678533554
0.02694140374660492
0.030618593096733093
0.030580637976527214
0.032218657433986664
0.024964842945337296
0.01770627871155739
0.026243628934025764
0.02262365259230137
0.02560356631875038
0.018998203799128532
0.025802133604884148
0.031077194958925247
0.03230106458067894
0.03778247907757759
0.028552182018756866
0.02279551327228546
0.021282009780406952
0.01940348371863365
0.022053267806768417
0.028398478403687477
0.04322535917162895
0.05096378177404404
0.049406748265028
0.028444962576031685
0.02845325507223606
0.018841715529561043
0.02076980657875538
0.021612608805298805
0.02514895424246788
0.017259620130062103
0.026339462026953697
0.0156405046582222
0.022417237982153893
0.022881126031279564
0.023076023906469345
0.0160679928958416
0.014625736512243748
0.021794507279992104
0.025624282658100128
0.0274546816945076
0.013950709253549576
0.030321231111884117
0.025374965742230415
0.03898878023028374
0.053479213267564774
0.0401250496506691
0.019720178097486496
0.01804746873676777
0.020016523078083992
0.017453856766223907
0.020639725029468536
0.021485496312379837
0.026121512055397034
0.028317879885435104
0.01690264232456684
0.021316390484571457
0.02089976705610752
0.016001030802726746
0.01817410998046398
0.01671324484050274
0.024845898151397705
0.028368201106786728
0.032200079411268234
0.017911916598677635
0.02749335952103138
0.027651457116007805
0.028344744816422462
0.0211875531822443
0.02195112407207489
0.014688115566968918
0.017245188355445862
0.01545423548668623
0.014666995033621788
0.02215445600450039
0.022934822365641594
0.024949906393885612
0.03241521492600441
0.027999497950077057
0.02504643052816391
0.033492133021354675
0.02452891878783703
0.024684328585863113
0.015242441557347775
0.015760062262415886
0.018829675391316414
0.01712154410779476
0.014491026289761066
0.014795214869081974
0.017950810492038727
0.019296795129776
0.014877880923449993
0.01623711735010147
0.01242124568670988
0.015727300196886063
0.029220590367913246
0.056993547827005386
0.02550891786813736
0.018706081435084343
0.02256540209054947
0.012635418213903904
0.020349610596895218
0.024093054234981537
0.016186099499464035
0.013400201685726643
0.01948843151330948
0.017951758578419685
0.0158221572637558
0.016760271042585373
0.012079542502760887
0.01598515920341015
0.018937742337584496
0.013105777092278004
0.017493166029453278
0.020663153380155563
0.03315548598766327
0.058571718633174896
0.018228642642498016
0.0166176687926054
0.014557716436684132
0.014412235468626022
0.01582319848239422
0.014094685204327106
0.019963735714554787
0.03449781611561775
0.04059821739792824
0.015874899923801422
0.018093276768922806
0.01506402250379324
0.01477548386901617
0.015623978339135647
0.020025545731186867
0.0121935298666358
0.016901550814509392
0.012537520378828049
0.014138597063720226
0.014711061492562294
0.017938654869794846
0.012485139071941376
0.011356114409863949
0.021523725241422653
0.02559388428926468
0.01919769123196602
0.015889331698417664
0.020152544602751732
0.02465391345322132
0.019068771973252296
0.022215604782104492
0.011894043534994125
0.01843283325433731
0.018005721271038055
0.024584457278251648
0.01388201117515564
0.017325356602668762
0.009939288720488548
0.011064651422202587
0.012212343513965607
0.015269849449396133
0.012533136643469334
0.020843708887696266
0.033085327595472336
0.02056400291621685
0.01538082491606474
0.017040306702256203
0.019485769793391228
0.009100168943405151
0.012271824292838573
0.013647732324898243
0.01567491888999939
0.017128175124526024
0.017983699217438698
0.02454368770122528
0.03530163690447807
0.013224788941442966
0.012779878452420235
0.015726568177342415
0.012706231325864792
0.008856029249727726
0.008654280565679073
0.008747482672333717
0.009130265563726425
0.011553678661584854
0.00865601934492588
0.01707102358341217
0.03262024745345116
0.02092708647251129
0.01872948929667473
0.012298375368118286
0.00941336341202259
0.016009913757443428
0.015117282047867775
0.011970982886850834
0.01477961614727974
0.013515743426978588
0.010180189274251461
0.011027560569345951
0.01150584314018488
0.010792211629450321
0.011934969574213028
0.007273352239280939
0.012793421745300293
0.012089402414858341
0.014325682073831558
0.02450275979936123
0.014161258935928345
0.026686593890190125
0.021742530167102814
0.016292573884129524
0.009689364582300186
0.01115967147052288
0.010331558994948864
0.008834241889417171
0.006774385459721088
0.011155985295772552
0.008958934806287289
0.029324693605303764
0.03193459287285805
0.021187061443924904
0.016160205006599426
0.012307345867156982
0.011231214739382267
0.013286838307976723
0.009754079394042492
0.0108224181458354
0.010735633783042431
0.021348796784877777
0.026419170200824738
0.008287228643894196
0.009065458551049232
0.016794772818684578
0.013779283501207829
0.01229955442249775
0.014387611299753189
0.010406685061752796
0.016917161643505096
0.010636582039296627
0.007813360542058945
0.011672696098685265
0.013615862466394901
0.010983476415276527
0.017694629728794098
0.015154914930462837
0.021020803600549698
0.01408495381474495
0.008791756816208363
0.008648066781461239
0.008457603864371777
0.008691356517374516
0.00957304984331131
0.006465781480073929
0.013014102354645729
0.025222601369023323
0.028784191235899925
0.025479409843683243
0.01037635002285242
0.009505147114396095
0.013755310326814651
0.018439268693327904
0.015110623091459274
0.01035812497138977
0.008958232589066029
0.006844222079962492
0.008408177644014359
0.007206489332020283
0.006055166013538837
0.009470494464039803
0.00969629269093275
0.010542702861130238
0.011580797843635082
0.020012658089399338
0.05451182276010513
0.03625219315290451
0.009433859027922153
0.009593144990503788
0.006903416011482477
0.007975385524332523
0.005948543548583984
0.007525049615651369
0.008976415731012821
0.011281915940344334
0.009993946179747581
0.008364951238036156
0.005991613492369652
0.006851701531559229
0.006838762667030096
0.008603233844041824
0.009540739469230175
0.013794561848044395
0.01862282119691372
0.02379254624247551
0.018054185435175896
0.01123887300491333
0.007942902855575085
0.006181179080158472
0.009280834347009659
0.010653683915734291
0.007978656329214573
0.018419213593006134
0.02982056327164173
0.01615855097770691
0.008577238768339157
0.00651808874681592
0.0064069535583257675
0.006477686110883951
0.007485679350793362
0.005682794842869043
0.005078232381492853
0.006402590312063694
0.00908125564455986
0.008305982686579227
0.008512517437338829
0.008101919665932655
0.017900634557008743
0.014595257118344307
0.021351732313632965
0.01545372698456049
0.015632975846529007
0.008368099108338356
0.007175797130912542
0.01463069673627615
0.015287518501281738
0.007881243713200092
0.006432602182030678
0.00905518140643835
0.006037171930074692
0.009554282762110233
0.006611996330320835
0.009694456122815609
0.015102599747478962
0.02506854012608528
0.03799276798963547
0.01349348109215498
0.008061260916292667
0.008740580640733242
0.008136577904224396
0.010146469809114933
0.009514188393950462
0.010747586376965046
0.009915263392031193
0.005841685924679041
0.00801085401326418
0.005419332534074783
0.006795723456889391
0.005373952444642782
0.0031831893138587475
0.008054707199335098
0.01044100895524025
0.010567410849034786
0.025055188685655594
0.020495252683758736
0.018784072250127792
0.01184652466326952
0.007561385165899992
0.006111961789429188
0.005519108846783638
0.005132421385496855
0.0068024080246686935
0.008106066845357418
0.010525684803724289
0.016411634162068367
0.013708042912185192
0.015666572377085686
0.007603589445352554
0.010686652734875679
0.007517099846154451
0.006322920322418213
0.007379636168479919
0.0112247159704566
0.014052143320441246
0.01592014729976654
0.004995201248675585
0.004671672824770212
0.01081020012497902
0.009857176803052425
0.010523561388254166
0.01068162452429533
0.005228222813457251
0.0050904033705592155
0.00847442727535963
0.006929968483746052
0.012699995189905167
0.01916949823498726
0.016876740381121635
0.00831768661737442
0.007104806136339903
0.005988054908812046
0.005572974681854248
0.006084131542593241
0.006386839784681797
0.0068364692851901054
0.006175777409225702
0.010155925527215004
0.014191619120538235
0.01918584667146206
0.02160920947790146
0.011001053266227245
0.007726764772087336
0.00385255366563797
0.004682272672653198
0.005974329076707363
0.0038351668044924736
0.011165349744260311
0.018320634961128235
0.02000434696674347
0.020092105492949486
0.0096725570037961
0.009571225382387638
0.008756805211305618
0.00988829880952835
0.008809835650026798
0.007364869583398104
0.006748983636498451
0.0093757975846529
0.015183459967374802
0.012344599701464176
0.006765394937247038
0.007135160733014345
0.003459741361439228
0.005662670359015465
0.009815724566578865
0.006293227896094322
0.008468640968203545
0.006587560288608074
0.006779215764254332
0.007965241558849812
0.010536694899201393
0.01139960065484047
0.010965735651552677
0.007897228933870792
0.013861898332834244
0.022502176463603973
0.025905929505825043
0.004842252936214209
0.007085037417709827
0.006439304444938898
0.004613135475665331
0.005022978875786066
0.006841928232461214
0.007383839692920446
0.005761891137808561
0.005010049324482679
0.005497295409440994
0.004749333951622248
0.006232045125216246
0.012618530541658401
0.010484282858669758
0.014062710106372833
0.017265761271119118
0.016905583441257477
0.012067287229001522
0.010054838843643665
0.008112052455544472
0.010231520049273968
0.009137592278420925
0.007256621029227972
0.00468108057975769
0.00581232737749815
0.005466032773256302
0.005325375124812126
0.00557043356820941
0.006571396719664335
0.012215180322527885
0.011653896421194077
0.01178185734897852
0.009596197865903378
0.010422348976135254
0.018439533188939095
0.015349655412137508
0.009906193241477013
0.009565135464072227
0.00919078104197979
0.006125362124294043
0.0047045075334608555
0.006106012035161257
0.009472943842411041
0.007480306085199118
0.005831695627421141
0.005309609230607748
0.006479618139564991
0.006575903855264187
0.006130865775048733
0.006522617768496275
0.006299796514213085
0.0045858342200517654
0.005740070249885321
0.004772457759827375
0.009977828711271286
0.01982520893216133
0.03514548018574715
0.009645017795264721
0.007051908876746893
0.00696449913084507
0.006077411584556103
0.004723351914435625
0.0043175192549824715
0.004399013705551624
0.004640922416001558
0.007957986555993557
0.009898555465042591
0.009008360095322132
0.00979609228670597
0.007149743847548962
0.009146351367235184
0.00884857214987278
0.011167044751346111
0.010538717731833458
0.012415599077939987
0.00434546684846282
0.004513345193117857
0.007216834928840399
0.005729661788791418
0.0070262267254292965
0.006920748855918646
0.0095053156837821
0.007149578537791967
0.00503558199852705
0.006614251062273979
0.008558401837944984
0.012730281800031662
0.012149089947342873
0.010557448491454124
0.012133616954088211
0.013725314289331436
0.010059041902422905
0.010794787667691708
0.0048299082554876804
0.0066410209983587265
0.005031715612858534
0.006575834937393665
0.004404580220580101
0.006642614025622606
0.006789848208427429
0.0054718805477023125
0.005731770768761635
0.010732913389801979
0.010440857149660587
0.008847818709909916
0.009491417557001114
0.008963903412222862
0.008278977125883102
0.007563234772533178
0.010216890834271908
0.012339618057012558
0.010785174556076527
0.010772130452096462
0.006365030538290739
0.011132568120956421
0.004662575200200081
0.007536179851740599
0.003665186231955886
0.004363125190138817
0.002390972338616848
0.0041553121991455555
0.00502499146386981
0.0037766005843877792
0.006721185054630041
0.014871520921587944
0.017633022740483284
0.015829438343644142
0.013702635653316975
0.008145347237586975
0.005723708774894476
0.00530364690348506
0.004775272682309151
0.0033034083899110556
0.0036626383662223816
0.004045167937874794
0.004550295416265726
0.003535318886861205
0.003889052662998438
0.003077795496210456
0.007256926968693733
0.009541723877191544
0.009713925421237946
0.012254126369953156
0.008863798342645168
0.009445825591683388
0.010747778229415417
0.010471992194652557
0.006679328624159098
0.007954858243465424
0.005036072339862585
0.004770471714437008
0.00620131753385067
0.006417170166969299
0.0092829130589962
0.007966483943164349
0.004197356756776571
0.004301035776734352
0.005296910181641579
0.005658106878399849
0.007167294155806303
0.008009538985788822
0.00998474471271038
0.015175244770944118
0.010653961449861526
0.008179190568625927
0.007844304665923119
0.009518742561340332
0.00744250975549221
0.009350358508527279
0.006069240625947714
0.004413721617311239
0.004382707178592682
0.0037634961772710085
0.0030181510373950005
0.0024985603522509336
0.005977279040962458
0.004674694500863552
0.005086518358439207
0.004114524461328983
0.003921131603419781
0.010914274491369724
0.01291296724230051
0.018097419291734695
0.008391251787543297
0.006472859997302294
0.008630472235381603
0.004441660363227129
0.004567678552120924
0.003634494496509433
0.003804990090429783
0.004479823634028435
0.0036300956271588802
0.003889428684487939
0.0059093753807246685
0.009525826200842857
0.010127667337656021
0.01894763484597206
0.01016002893447876
0.01103123463690281
0.007760778535157442
0.005000249017030001
0.0051049478352069855
0.0035000029020011425
0.004161539487540722
0.0034657486248761415
0.005565333180129528
0.005029395688325167
0.006830085534602404
0.01386927254498005
0.014389412477612495
0.013056338764727116
0.009302888065576553
0.006007296033203602
0.005762521643191576
0.005491605028510094
0.006093049421906471
0.006412324961274862
0.0062927003018558025
0.006830587517470121
0.004274523351341486
0.004804329015314579
0.0036522604059427977
0.0033907133620232344
0.005486616864800453
0.0048432801850140095
0.0032729387748986483
0.004697283264249563
0.005558343138545752
0.010081451386213303
0.019021300598978996
0.022571532055735588
0.009436380118131638
0.0059045059606432915
0.005296219140291214
0.0035196691751480103
0.003946468699723482
0.003955083433538675
0.004804315511137247
0.004016822669655085
0.003261024132370949
0.0037114012520760298
0.0025645336136221886
0.0050018723122775555
0.004979767836630344
0.006728457752615213
0.011985158547759056
0.012073302641510963
0.020742716267704964
0.010190499946475029
0.006366591434925795
0.0035853637382388115
0.0035160041879862547
0.002804306335747242
0.003281927667558193
0.0033738738857209682
0.004568208009004593
0.005478638224303722
0.009225372225046158
0.00953245535492897
0.010393967851996422
0.01560740452259779
0.00987805426120758
0.013424072414636612
0.008823125623166561
0.008370984345674515
0.005498586688190699
0.006323677487671375
0.004015746526420116
0.0035652678925544024
0.00416014576330781
0.003223611041903496
0.00375803979113698
0.004054694902151823
0.00282518588937819
0.0032161215785890818
0.003874213667586446
0.007663300260901451
0.016140030696988106
0.01956886611878872
0.006892520003020763
0.005839296150952578
0.0025009962264448404
0.00447746179997921
0.003676359076052904
0.0025472277775406837
0.005764019675552845
0.0038735258858650923
0.0043058572337031364
0.004434237256646156
0.00274724792689085
0.004320519044995308
0.00426452187821269
0.011867747642099857
0.015391544438898563
0.017505068331956863
0.013361546210944653
0.008448086678981781
0.0044786338694393635
0.00366002949886024
0.0023162830621004105
0.003066407982259989
0.0029767712112516165
0.0033956661354750395
0.005029343534260988
0.006110281217843294
0.006378059275448322
0.00911987479776144
0.011818558908998966
0.006282538641244173
0.004061762243509293
0.004006287083029747
0.003251045010983944
0.002941164653748274
0.002857712097465992
0.002586069982498884
0.004060066305100918
0.008140485733747482
0.011217820458114147
0.016058366745710373
0.019412020221352577
0.010864541865885258
0.010349013842642307
0.0056124343536794186
0.004346138332039118
0.0026865259278565645
0.003209634916856885
0.0031290692277252674
0.002195327775552869
0.0029981432016938925
0.0023307334631681442
0.004727324936538935
0.006438767537474632
0.007980945520102978
0.006234688218683004
0.006003440823405981
0.006243804004043341
0.005721997004002333
0.003840855322778225
0.003679943038150668
0.004814429674297571
0.008134144358336926
0.013285672292113304
0.008583702147006989
0.00692762853577733
0.00597894424572587
0.00420337775722146
0.006680673453956842
0.006777400150895119
0.004370121285319328
0.004283445421606302
0.0031656932551413774
0.007288423366844654
0.005728533491492271
0.004860998596996069
0.004228005185723305
0.004306385759264231
0.0033472783397883177
0.004840692039579153
0.005157933104783297
0.007007582113146782
0.009326823055744171
0.013153654523193836
0.010256266221404076
0.00943892914801836
0.00849247444421053
0.005409738048911095
0.0038078504148870707
0.0035988062154501677
0.002662351820617914
0.0024521928280591965
0.00317346747033298
0.0030405500438064337
0.002501760609447956
0.004576975479722023
0.008212900720536709
0.012822305783629417
0.013714347034692764
0.006379244849085808
0.004530088510364294
0.005013439804315567
0.0036895936354994774
0.002992076799273491
0.005446611437946558
0.0026717183645814657
0.004569472745060921
0.0038602002896368504
0.0065300618298351765
0.006183055695146322
0.008082176558673382
0.006962932180613279
0.007254956290125847
0.0057144747115671635
0.006162802688777447
0.003878094255924225
0.0041137803345918655
0.0031777708791196346
0.0034606538247317076
0.0027863606810569763
0.0036904283333569765
0.004539648536592722
0.00667451461777091
0.011081886477768421
0.016102991998195648
0.009109752252697945
0.009443736635148525
0.003657819703221321
0.005605971906334162
0.0062316120602190495
0.007665023673325777
0.006355586461722851
0.004581125918775797
0.003738244529813528
0.003798468504101038
0.0035403298679739237
0.005171675700694323
0.007745599839836359
0.005908270366489887
0.005488054361194372
0.005366996396332979
0.005259654950350523
0.007161703892052174
0.00691264308989048
0.008543195202946663
0.007461425848305225
0.0046334112994372845
0.005540965124964714
0.004459829069674015
0.006593767553567886
0.009032929316163063
0.007670002058148384
0.005286734085530043
0.00503481226041913
0.003616091562435031
0.004262359347194433
0.0033879983238875866
0.003235885174944997
0.005627506412565708
0.0030679008923470974
0.004084444604814053
0.004633055534213781
0.010475432500243187
0.009762347675859928
0.009982343763113022
0.009274681098759174
0.008109274320304394
0.004357754718512297
0.002411768538877368
0.0032677901908755302
0.0038845085073262453
0.0031391880474984646
0.005326358135789633
0.006753555033355951
0.00957361701875925
0.012187030166387558
0.010628700256347656
0.008233679458498955
0.006151288282126188
0.0037329785991460085
0.003851184155791998
0.003827170468866825
0.004473564215004444
0.004162818193435669
0.0031176675111055374
0.0026261908933520317
0.001337592606432736
0.00228412845171988
0.0035118907690048218
0.0022346205078065395
0.0051865666173398495
0.007462252397090197
0.008067723363637924
0.009232476353645325
0.003772858763113618
0.0058064148761332035
0.00580560602247715
0.006478674244135618
0.007750474847853184
0.006710400804877281
0.0076871286146342754
0.010830288752913475
0.0069853560999035835
0.007505470421165228
0.005207485519349575
0.0030654435977339745
0.0028182133100926876
0.0019244271097704768
0.002583068795502186
0.0017743506468832493
0.00437504006549716
0.0028604832477867603
0.002364249201491475
0.004252835176885128
0.00838282611221075
0.008736150339245796
0.01196463592350483
0.012871254235506058
0.012758469209074974
0.006909377407282591
0.0045800963416695595
0.0023116550873965025
0.003062135772779584
0.0026705109048634768
0.002360026817768812
0.003416016697883606
0.0043014045804739
0.0034391176886856556
0.0037820455618202686
0.004954922012984753
0.00782005675137043
0.010321884416043758
0.00792254414409399
0.004342236090451479
0.0036175460554659367
0.0033718692138791084
0.002997858449816704
0.0037245317362248898
0.00557686947286129
0.005770730786025524
0.003408144460991025
0.004325189162045717
0.007078027352690697
0.011959566734731197
0.011608961969614029
0.009361200034618378
0.005326167214661837
0.003078000620007515
0.0038932072930037975
0.0020490584429353476
0.0036533859092742205
0.0056071518920362
0.008247156627476215
0.009688107296824455
0.00949555542320013
0.003361267503350973
0.002872083568945527
0.0034644892439246178
0.00438742944970727
0.0038225725293159485
0.0031985605601221323
0.0030859974212944508
0.0025162934325635433
0.0028544990345835686
0.0023086871951818466
0.003273934358730912
0.005433069542050362
0.006377109792083502
0.00707219960168004
0.007659961469471455
0.0062849451787769794
0.004657477606087923
0.0049115936271846294
0.0035611926577985287
0.004763592500239611
0.00788214523345232
0.009360924363136292
0.00860857218503952
0.00575675955042243
0.007339405361562967
0.004490760155022144
0.004007199313491583
0.0028084260411560535
0.0022634873166680336
0.002332140225917101
0.003755729179829359
0.0033881503622978926
0.005591182038187981
0.009524350985884666
0.01254435908049345
0.0075927977450191975
0.0061945728957653046
0.005411509890109301
0.0034899520687758923
0.0035481578670442104
0.002844399306923151
0.002358850557357073
0.0031217392534017563
0.002868903335183859
0.004290593322366476
0.008480635471642017
0.007300746627151966
0.005406127776950598
0.00714170141145587
0.0038177540991455317
0.005642978940159082
0.00836225040256977
0.010980487801134586
0.007276108954101801
0.006604492664337158
0.00404278002679348
0.0018152169650420547
0.0013889946276322007
0.0016499075572937727
0.0022465260699391365
0.0022710717748850584
0.0027594822458922863
0.002566827228292823
0.003522018203511834
0.0035302680917084217
0.005802594590932131
0.009508466348052025
0.010030977427959442
0.011393210850656033
0.004982316866517067
0.004434205126017332
0.005528712645173073
0.006251165643334389
0.004607046954333782
0.007185579743236303
0.00561800180003047
0.003581913188099861
0.004425032064318657
0.004572608042508364
0.006568330340087414
0.006463434547185898
0.0036331727169454098
0.0036078018601983786
0.0039243390783667564
0.002814131323248148
0.002933772513642907
0.00352289667353034
0.005620216950774193
0.007356058340519667
0.007426921743899584
0.0045224931091070175
0.00504296412691474
0.00654224818572402
0.004143688827753067
0.0037619874347001314
0.0023844274692237377
0.0014902898110449314
0.0018760093953460455
0.0025415963027626276
0.0035446060355752707
0.004122044425457716
0.00539712980389595
0.008680921979248524
0.00655013183131814
0.008233807981014252
0.006985524669289589
0.006624605506658554
0.005358188878744841
0.005323919467628002
0.00382419116795063
0.002602205378934741
0.0023891597520560026
0.003063984215259552
0.004070587921887636
0.004843955859541893
0.005974254570901394
0.008530390448868275
0.00681645143777132
0.009785089641809464
0.010297623462975025
0.005684922449290752
0.00390524510294199
0.0023096792865544558
0.002864882117137313
0.0029453083407133818
0.0027429426554590464
0.002865599701181054
0.0030957194976508617
0.0033435446675866842
0.0043870918452739716
0.005209940019994974
0.005815710872411728
0.0035602443385869265
0.0044249980710446835
0.005436488892883062
0.006479179952293634
0.009116561152040958
0.006204485427588224
0.006254721432924271
0.0032047408167272806
0.0024195986334234476
0.0021075764670968056
0.0018530013039708138
0.0020647505298256874
0.0022553387098014355
0.0020322329364717007
0.001907836296595633
0.0043244268745183945
0.005315633490681648
0.008789737708866596
0.014164353720843792
0.01763180084526539
0.006632248871028423
0.0036787984427064657
0.0023125626612454653
0.0027437254320830107
0.0038464758545160294
0.003439828520640731
0.0035774167627096176
0.00297448574565351
0.002041735453531146
0.0024323295801877975
0.0018379027023911476
0.0017750357510522008
0.0017197037814185023
0.002809880767017603
0.002568664029240608
0.0021271102596074343
0.0019349241629242897
0.002153271110728383
0.0048924959264695644
0.016741827130317688
0.020788054913282394
0.00621904619038105
0.004100853577256203
0.0023096611257642508
0.002575036371126771
0.0021922660525888205
0.0020498428493738174
0.002303267829120159
0.002063653664663434
0.0021953866817057133
0.002923794323578477
0.002241000533103943
0.00445684976875782
0.008663269691169262
0.007237746845930815
0.004995870403945446
0.0042517767287790775
0.00588920246809721
0.005726260133087635
0.004252057988196611
0.004966173321008682
0.006021114997565746
0.004491629544645548
0.002486686920747161
0.0016766522312536836
0.0037307823076844215
0.004463549237698317
0.005593957379460335
0.0031708881724625826
0.0041742571629583836
0.0073852683417499065
0.01155554037541151
0.006637733429670334
0.008769678883254528
0.00973460078239441
0.004935980308800936
0.0017047725850716233
0.003424630966037512
0.002933225594460964
0.002234182320535183
0.0023967197630554438
0.0020330066327005625
0.002753825858235359
0.0019095655297860503
0.003175456775352359
0.001853726920671761
0.003164756577461958
0.005968318786472082
0.011394294910132885
0.010267730802297592
0.00917042139917612
0.005297455936670303
0.004692396614700556
0.003567242994904518
0.003928310703486204
0.0033307569101452827
0.002223802264779806
0.0015534610720351338
0.0022743612062186003
0.0021024192683398724
0.0017997658578678966
0.003248329507187009
0.0037201447412371635
0.0036930637434124947
0.006135814357548952
0.008730122819542885
0.0076259421184659
0.00983020756393671
0.005852724425494671
0.005395342595875263
0.0031627032440155745
0.0025389313232153654
0.003556127892807126
0.0037966175004839897
0.0030738709028810263
0.002986675826832652
0.002507127821445465
0.0018777239602059126
0.0019592843018472195
0.0015679269563406706
0.00348385120742023
0.003973742015659809
0.005356959067285061
0.008332922123372555
0.01269164402037859
0.012882841750979424
0.004372709430754185
0.003667081007733941
0.002406113315373659
0.0018675783649086952
0.0029831856954842806
0.004629442468285561
0.0034785496536642313
0.002051042392849922
0.0025309196207672358
0.003879443509504199
0.004860700573772192
0.007545659318566322
0.007253625430166721
0.005633858498185873
0.0020912676118314266
0.002351569477468729
0.001797904260456562
0.0026925490237772465
0.001494279014877975
0.00262462068349123
0.004157142248004675
0.004783643409609795
0.0055006821639835835
0.009174237959086895
0.014089919626712799
0.006199025083333254
0.00321419769898057
0.001914383377879858
0.0014984740410000086
0.002377975033596158
0.002998953452333808
0.0053807939402759075
0.005782240070402622
0.004405626095831394
0.005877854768186808
0.0034870621748268604
0.003960632719099522
0.003300695912912488
0.0020027540158480406
0.0035821287892758846
0.0036026490852236748
0.00438712676987052
0.006306096911430359
0.013867293484508991
0.012828100472688675
0.00326944119296968
0.0020859548822045326
0.003026614896953106
0.002414472633972764
0.0038506847340613604
0.003873671405017376
0.004286571871489286
0.004912021569907665
0.004700264893472195
0.0043494561687111855
0.004319682251662016
0.005102005787193775
0.0038850409910082817
0.002818518318235874
0.002228881698101759
0.002082845661789179
0.0008574388921260834
0.0014512063935399055
0.0017820792272686958
0.0025022325571626425
0.002197896596044302
0.002958078170195222
0.00815926119685173
0.014172732830047607
0.014410019852221012
0.005292910151183605
0.004556235857307911
0.00377136142924428
0.003179009072482586
0.0018250608118250966
0.002505230950191617
0.0026284402702003717
0.003960018046200275
0.005100416485220194
0.0073469639755785465
0.006565712857991457
0.0034211394377052784
0.0026727747172117233
0.0031471680849790573
0.0019786166958510876
0.0025378100108355284
0.0027819201350212097
0.005933899432420731
0.007429953198879957
0.010754837654531002
0.006141590420156717
0.0043080332688987255
0.0021120866294950247
0.001585750374943018
0.0013428799575194716
0.0018489083740860224
0.002667392138391733
0.0017632830422371626
0.0026539231184870005
0.0024553535040467978
0.002670200075954199
0.0023738897871226072
0.004435619805008173
0.008102450519800186
0.014302456751465797
0.0064133270643651485
0.005648265592753887
0.002048921538516879
0.0012869547354057431
0.0019894384313374758
0.0022588735446333885
0.001645558630116284
0.0018302872776985168
0.0016717159887775779
0.002517065964639187
0.0018684192327782512
0.003378231544047594
0.008137921802699566
0.01158363837748766
0.012155797332525253
0.006329342722892761
0.004332438576966524
0.0023907991126179695
0.0018149766838178039
0.001908031408675015
0.001861577038653195
0.0016141077503561974
0.002110575558617711
0.003946356941014528
0.005642598960548639
0.0067340778186917305
0.003469658549875021
0.0036217367742210627
0.004494352266192436
0.003929660189896822
0.004371687304228544
0.003259520512074232
0.00209626741707325
0.0024112930987030268
0.0023223147727549076
0.004193521570414305
0.003781902138143778
0.004653511568903923
0.0046194675378501415
0.007638572249561548
0.005803376901894808
0.006441830191761255
0.004775189328938723
0.004750983789563179
0.004458349198102951
0.005513714626431465
0.0038084236439317465
0.00420265831053257
0.002951117232441902
0.0032243612222373486
0.002993588102981448
0.0034932943526655436
0.0023597513791173697
0.0037780562415719032
0.0037837717682123184
0.003398805158212781
0.0031067782547324896
0.0033987360075116158
0.004397064913064241
0.0077574546448886395
0.009451211430132389
0.012847545556724072
0.0040078540332615376
0.0024233718868345022
0.0015770248137414455
0.0016318188281729817
0.0018599790055304766
0.002032706281170249
0.0034754304215312004
0.005762779153883457
0.008881470188498497
0.00758263748139143
0.006167694926261902
0.0037432550452649593
0.0016188229201361537
0.0024245392996817827
0.003364287316799164
0.005049396771937609
0.005262002814561129
0.004956015385687351
0.005216988734900951
0.002411249093711376
0.0013451699633151293
0.001473341602832079
0.002041475847363472
0.0021735006012022495
0.001546475919894874
0.001893610693514347
0.001072183484211564
0.0016577120404690504
0.002545767230913043
0.0036813116166740656
0.005079444032162428
0.011690687388181686
0.008494130335748196
0.007017828058451414
0.003127232426777482
0.002482903189957142
0.0016270993510261178
0.0017856108024716377
0.001967210089787841
0.0019061149796471
0.002475277055054903
0.0017072808695957065
0.0020971763879060745
0.001393882092088461
0.0011366551043465734
0.0015211367281153798
0.0015883584273979068
0.0022185612469911575
0.002625191817060113
0.006638629827648401
0.015649152919650078
0.016486596316099167
0.004292125813663006
0.00293728313408792
0.001652706996537745
0.00180527800694108
0.0014223468024283648
0.0022180748637765646
0.0015999008901417255
0.00266734859906137
0.002857998013496399
0.004418935626745224
0.007543629501014948
0.007521429564803839
0.004919796250760555
0.0018905067117884755
0.0033045795280486345
0.0036471914499998093
0.004156732466071844
0.005366986617445946
0.004207543563097715
0.0041722459718585014
0.003040444804355502
0.00418937997892499
0.004324392415583134
0.003992610145360231
0.003167215269058943
0.004414748400449753
0.003361479612067342
0.00305705307982862
0.003490839619189501
0.0031718211248517036
0.002959082368761301
0.0033373672049492598
0.003946755081415176
0.00569172902032733
0.005774832796305418
0.00696543650701642
0.004218787420541048
0.003407880896702409
0.002077527344226837
0.0024585272185504436
0.0030837238300591707
0.003942051436752081
0.003207759466022253
0.0022214101627469063
0.002465802477672696
0.001891946536488831
0.0020008424762636423
0.005889059975743294
0.008650772273540497
0.006622518412768841
0.0026366636157035828
0.002495171967893839
0.0023882545065134764
0.0028036118019372225
0.003869385924190283
0.005451538600027561
0.006852650549262762
0.010035103186964989
0.004880268592387438
0.003825261490419507
0.0020172158256173134
0.0018709960859268904
0.0010192041518166661
0.0018202965147793293
0.0023249993100762367
0.001510764705017209
0.002576322527602315
0.003522692248225212
0.004134724382311106
0.004182000644505024
0.004998802673071623
0.009738946333527565
0.008975593373179436
0.007501893676817417
0.0038599870167672634
0.003349368227645755
0.002848764881491661
0.0017363062361255288
0.0023308771196752787
0.002168018138036132
0.0023176551330834627
0.0033540609292685986
0.004195089917629957
0.004715425428003073
0.004463962744921446
0.004356194753199816
0.004804867319762707
0.004657866898924112
0.0036899340339004993
0.0023933600168675184
0.002025717170909047
0.0017772233113646507
0.002046729903668165
0.0028693892527371645
0.003600706811994314
0.006120128557085991
0.0077175116166472435
0.007648009806871414
0.00389871746301651
0.0035207250621169806
0.004123353864997625
0.0034192902967333794
0.0027198235038667917
0.0029384810477495193
0.006885547656565905
0.007950764149427414
0.006250144448131323
0.003632487030699849
0.002706377999857068
0.0034530952107161283
0.0026613655500113964
0.0012815124355256557
0.0015264458488672972
0.0011097535025328398
0.0014025159180164337
0.002063044812530279
0.0024243441876024008
0.002434604335576296
0.004489791579544544
0.0040782662108540535
0.004534169100224972
0.006582547910511494
0.006889841984957457
0.009445604868233204
0.006892719306051731
0.005543920211493969
0.002282132627442479
0.0018120126333087683
0.0013832722324877977
0.0012527325889095664
0.0025147111155092716
0.001508899382315576
0.0021577891893684864
0.001613163505680859
0.0016134167090058327
0.002214801963418722
0.006534847430884838
0.011157636530697346
0.004804941825568676
0.002476607682183385
0.0020048259757459164
0.0032564536668360233
0.0018261839868500829
0.0029204064048826694
0.002944211708381772
0.002558049513027072
0.0033694023732095957
0.0033587294165045023
0.0016138212522491813
0.0020781252533197403
0.0025998326018452644
0.0048454091884195805
0.004458270501345396
0.008122253231704235
0.004381245002150536
0.004581631161272526
0.002876543439924717
0.002090357942506671
0.0017868737922981381
0.0027845934964716434
0.0025288942269980907
0.004969975911080837
0.008350390940904617
0.010577204637229443
0.005812930874526501
0.004778501112014055
0.002326898742467165
0.0016294888919219375
0.0013905242085456848
0.0014093099161982536
0.0017336123855784535
