1.111539363861084
0.9049445390701294
0.7167204022407532
0.5447588562965393
0.42606407403945923
0.32904425263404846
0.17765508592128754
0.16952258348464966
0.20164905488491058
0.1334732472896576
0.10855647176504135
0.15255725383758545
0.13424474000930786
0.1587202101945877
0.15870797634124756
0.14078134298324585
0.1448298990726471
0.14093461632728577
0.17048072814941406
0.1701580435037613
0.12351556122303009
0.16547225415706635
0.165187269449234
0.16065216064453125
0.1914445161819458
0.17146709561347961
0.09927573800086975
0.2059241682291031
0.21049951016902924
0.18562482297420502
0.1900566816329956
0.10602369904518127
0.15875259041786194
0.15542976558208466
0.18846333026885986
0.1571437567472458
0.1899247169494629
0.141498863697052
0.16629593074321747
0.2170037031173706
0.2326071560382843
0.18596576154232025
0.18865841627120972
0.1493297815322876
0.16653653979301453
0.09238065034151077
0.19824880361557007
0.09176060557365417
0.1728174239397049
0.2186734527349472
0.19717593491077423
0.14699140191078186
0.14093337953090668
0.15789726376533508
0.14720749855041504
0.14302881062030792
0.14122118055820465
0.16922669112682343
0.17370331287384033
0.09956599026918411
0.1640421450138092
0.1258774995803833
0.17959599196910858
0.17324794828891754
0.14444643259048462
0.1617843508720398
0.11887158453464508
0.1347719132900238
0.17960873246192932
0.0957764983177185
0.11150798946619034
0.14385060966014862
0.1807408481836319
0.19971971213817596
0.18000029027462006
0.1731971949338913
0.1558873951435089
0.17916882038116455
0.19247417151927948
0.18034660816192627
0.16935670375823975
0.1590804159641266
0.12754692137241364
0.15447358787059784
0.2092503309249878
0.1592324674129486
0.14426341652870178
0.10721629858016968
0.12937594950199127
0.15297269821166992
0.1705641746520996
0.21970471739768982
0.17668664455413818
0.16519445180892944
0.13219068944454193
0.14828744530677795
0.17029277980327606
0.14259175956249237
0.12484792619943619
0.20328475534915924
0.1345173567533493
0.14453831315040588
0.13713961839675903
0.15931378304958344
0.14679308235645294
0.15644347667694092
0.1614159345626831
0.14274664223194122
0.14903835952281952
0.09858839958906174
0.18056261539459229
0.1244763731956482
0.1631668210029602
0.17065423727035522
0.0896957665681839
0.16684970259666443
0.12838277220726013
0.10352184623479843
0.19234277307987213
0.14398764073848724
0.16019029915332794
0.1440109759569168
0.17968901991844177
0.197381854057312
0.13202881813049316
0.12419187277555466
0.1212957575917244
0.11671613901853561
0.20568542182445526
0.1417669802904129
0.12850643694400787
0.1373593956232071
0.16815681755542755
0.1444360315799713
0.12381201982498169
0.1525305211544037
0.13381105661392212
0.13174974918365479
0.16891641914844513
0.13113491237163544
0.16499528288841248
0.10706601291894913
0.14803574979305267
0.12081094831228256
0.10608995705842972
0.1882002204656601
0.12975919246673584
0.15296725928783417
0.12416751682758331
0.10063978284597397
0.17813335359096527
0.21416693925857544
0.1726234406232834
0.15200534462928772
0.1513984054327011
0.12057512253522873
0.13298164308071136
0.10800525546073914
0.1196020320057869
0.10780151188373566
0.1694469004869461
0.15945503115653992
0.14501111209392548
0.1106581911444664
0.15329048037528992
0.13174697756767273
0.11625515669584274
0.12979894876480103
0.154489666223526
0.10236988216638565
0.12212340533733368
0.14257223904132843
0.16182778775691986
0.19537413120269775
0.12826292216777802
0.1778676062822342
0.1599808633327484
0.16604286432266235
0.13562393188476562
0.1666831076145172
0.1420421302318573
0.15031567215919495
0.15029363334178925
0.10879580676555634
0.16306550800800323
0.13622653484344482
0.1585572063922882
0.1121961772441864
0.1520596742630005
0.10134734958410263
0.14562687277793884
0.16428346931934357
0.1707867980003357
0.12689033150672913
0.1573236882686615
0.12269792705774307
0.13515254855155945
0.1278896927833557
0.1588497906923294
0.1210278868675232
0.1435626745223999
0.15376214683055878
0.16717618703842163
0.10282765328884125
0.10533100366592407
0.12441591918468475
0.10870295763015747
0.13401439785957336
0.12560953199863434
0.08152492344379425
0.17688076198101044
0.22203287482261658
0.16643303632736206
0.14736084640026093
0.11069846898317337
0.10325086861848831
0.15017637610435486
0.1346343457698822
0.13947321474552155
0.16233360767364502
0.0703638345003128
0.1391371488571167
0.1031721904873848
0.14495664834976196
0.13066953420639038
0.12384925037622452
0.10581929981708527
0.18812096118927002
0.1837402582168579
0.21346542239189148
0.25773337483406067
0.10150081664323807
0.16880741715431213
0.16677556931972504
0.11952317506074905
0.09593500196933746
0.1202523410320282
0.12707281112670898
0.19396501779556274
0.13073812425136566
0.14484886825084686
0.16984108090400696
0.1406329870223999
0.21545790135860443
0.11955268681049347
0.12256166338920593
0.13549591600894928
0.15826478600502014
0.15272670984268188
0.1949249655008316
0.12041445821523666
0.1552264392375946
0.1562766134738922
0.13097718358039856
0.1346556693315506
0.15348763763904572
0.13536562025547028
0.15443040430545807
0.11330671608448029
0.1508103609085083
0.15242892503738403
0.1491379588842392
0.1464610993862152
0.1591416597366333
0.14771457016468048
0.1300751268863678
0.14139649271965027
0.16089941561222076
0.12507972121238708
0.10382093489170074
0.11085599660873413
0.13051258027553558
0.1591622531414032
0.1722135692834854
0.14900684356689453
0.13985711336135864
0.11544633656740189
0.18702785670757294
0.12275208532810211
0.13949179649353027
0.13062036037445068
0.15825100243091583
0.1420976221561432
0.18801172077655792
0.135088250041008
0.1277298480272293
0.16100306808948517
0.14360742270946503
0.11745930463075638
0.1211513876914978
0.12796014547348022
0.14834477007389069
0.13460640609264374
0.1325409859418869
0.1846274733543396
0.16001109778881073
0.1059119924902916
0.16072441637516022
0.15197381377220154
0.099601611495018
0.1423632949590683
0.100246861577034
0.14455530047416687
0.1215624213218689
0.15601347386837006
0.14982487261295319
0.1298595368862152
0.14871247112751007
0.10718285292387009
0.1619703322649002
0.11050596088171005
0.12755697965621948
0.11757304519414902
0.14677374064922333
0.18686407804489136
0.13569651544094086
0.15824167430400848
0.17326372861862183
0.19691693782806396
0.19353996217250824
0.18086548149585724
0.15376631915569305
0.10882404446601868
0.13769084215164185
0.14579281210899353
0.16708442568778992
0.12181690335273743
0.13428421318531036
0.12178348749876022
0.15162242949008942
0.15883807837963104
0.16590139269828796
0.12446720153093338
0.15745732188224792
0.16599145531654358
0.2127373069524765
0.13202373683452606
0.1410670429468155
0.12743894755840302
0.1574735790491104
0.18929442763328552
0.1679379791021347
0.14753343164920807
0.10839374363422394
0.1562749147415161
0.09045645594596863
0.10925966501235962
0.11192233860492706
0.1473778635263443
0.19097895920276642
0.124216228723526
0.11251828819513321
0.1316080540418625
0.16468560695648193
0.1359017789363861
0.16272437572479248
0.09521113336086273
0.12110290676355362
0.1564616709947586
0.11202990263700485
0.16302591562271118
0.10900726169347763
0.17603029310703278
0.19752445816993713
0.2690370976924896
0.1586870551109314
0.15917882323265076
0.11819876730442047
0.1400091052055359
0.17199385166168213
0.19431276619434357
0.11470320075750351
0.10661862045526505
0.0857151597738266
0.124480701982975
0.10908327996730804
0.13902291655540466
0.15603527426719666
0.1243797093629837
0.15014737844467163
0.14447183907032013
0.13856640458106995
0.14098788797855377
0.11729191988706589
0.09057176858186722
0.12753504514694214
0.14232513308525085
0.13300058245658875
0.12570136785507202
0.14985692501068115
0.13831572234630585
0.13991330564022064
0.08397556096315384
0.156906858086586
0.13192841410636902
0.10783848166465759
0.13070711493492126
0.09115675091743469
0.17762871086597443
0.1379683017730713
0.09664802253246307
0.12712477147579193
0.1322854459285736
0.07227470725774765
0.11184447258710861
0.12098147720098495
0.1072995737195015
0.1044858917593956
0.126879021525383
0.1249045580625534
0.1487155556678772
0.12253110110759735
0.12882167100906372
0.1257825344800949
0.14039084315299988
0.13102686405181885
0.1745418757200241
0.12358100712299347
0.13992498815059662
0.1150309145450592
0.13857074081897736
0.10272810608148575
0.1258435845375061
0.16153812408447266
0.1645730584859848
0.07839693874120712
0.10806852579116821
0.12954355776309967
0.1255035251379013
0.11954715847969055
0.1184110939502716
0.11649785935878754
0.1101568192243576
0.15118567645549774
0.29415369033813477
0.11293621361255646
0.1315234750509262
0.1324480026960373
0.1417074352502823
0.15120983123779297
0.09956219047307968
0.13158150017261505
0.11696182191371918
0.18516717851161957
0.13435250520706177
0.13175107538700104
0.12119215726852417
0.11677159368991852
0.16705474257469177
0.13111455738544464
0.12166386842727661
0.10837879031896591
0.109611876308918
0.17340271174907684
0.12667058408260345
0.11683160066604614
0.08972756564617157
0.1198272779583931
0.13821429014205933
0.11410467326641083
0.14101636409759521
0.09453225880861282
0.10568292438983917
0.14050260186195374
0.1371934562921524
0.1303054690361023
0.13356538116931915
0.14386241137981415
0.12790140509605408
0.16139580309391022
0.16456815600395203
0.11322977393865585
0.13151806592941284
0.12068156152963638
0.12941409647464752
0.16720837354660034
0.14591170847415924
0.07956071197986603
0.15605594217777252
0.11448632925748825
0.13368894159793854
0.15323883295059204
0.11260338127613068
0.09823013097047806
0.12218444049358368
0.11509061604738235
0.1242699846625328
0.15982913970947266
0.15463528037071228
0.1036745011806488
0.13378947973251343
0.15696513652801514
0.15206743776798248
0.1176174134016037
0.11629199236631393
0.13865798711776733
0.11215873062610626
0.11498358100652695
0.1328105330467224
0.15575982630252838
0.14402487874031067
0.10226842761039734
0.10821356624364853
0.1329474002122879
0.08356260508298874
0.14270801842212677
0.13222768902778625
0.12633781135082245
0.13298539817333221
0.1007467731833458
0.09619849920272827
0.11975343525409698
0.16546766459941864
0.14498966932296753
0.09890744090080261
0.1291845589876175
0.11933334171772003
0.15342724323272705
0.10352465510368347
0.15192118287086487
0.16218221187591553
0.11876638233661652
0.10669407248497009
0.09024818241596222
0.16507650911808014
0.13208776712417603
0.14273841679096222
0.11876199394464493
0.12208576500415802
0.11406124383211136
0.14847014844417572
0.13758231699466705
0.15041622519493103
0.09429210424423218
0.14579017460346222
0.12307288497686386
0.10295926034450531
0.10993126034736633
0.10331618040800095
0.1257433444261551
0.10374148190021515
0.1057591661810875
0.10924168676137924
0.12236673384904861
0.13855530321598053
0.14463399350643158
0.1634828895330429
0.09214082360267639
0.1467948704957962
0.12088914215564728
0.15399499237537384
0.09243831783533096
0.12984514236450195
0.11675266921520233
0.12564054131507874
0.11733672022819519
0.14660747349262238
0.12351028621196747
0.15401314198970795
0.18229129910469055
0.15856128931045532
0.13440294563770294
0.11644545197486877
0.12527909874916077
0.12891502678394318
0.11607889831066132
0.15252907574176788
0.1251060515642166
0.14296452701091766
0.10510203242301941
0.11867864429950714
0.0866202712059021
0.11240842938423157
0.11856401711702347
0.11702726036310196
0.11485525220632553
0.14616869390010834
0.10084696114063263
0.15401314198970795
0.08155527710914612
0.10550463944673538
0.13816095888614655
0.13008730113506317
0.12110260874032974
0.14650732278823853
0.1036129742860794
0.09847941994667053
0.16868963837623596
0.15672354400157928
0.11199097335338593
0.14531856775283813
0.10534878075122833
0.1597997397184372
0.11576404422521591
0.17123378813266754
0.1223161444067955
0.11732739210128784
0.09017428755760193
0.06568325310945511
0.13650023937225342
0.1225161999464035
0.09241168946027756
0.08104289323091507
0.1261717677116394
0.12732438743114471
0.11018712818622589
0.13845890760421753
0.17706626653671265
0.10018075257539749
0.13834181427955627
0.17581681907176971
0.1555209457874298
0.11133847385644913
0.14034608006477356
0.0928090512752533
0.11162319779396057
0.11829406023025513
0.14850501716136932
0.12814857065677643
0.079164519906044
0.13552984595298767
0.09595264494419098
0.10615746676921844
0.1008106917142868
0.11616092920303345
0.13123475015163422
0.13200372457504272
0.1430654376745224
0.11312985420227051
0.11775007843971252
0.10267333686351776
0.11069568991661072
0.09385524690151215
0.09935717284679413
0.13429158926010132
0.10223609954118729
0.12580670416355133
0.11381950229406357
0.11159501224756241
0.1415272355079651
0.14173996448516846
0.12020433694124222
0.19998379051685333
0.16820572316646576
0.11526628583669662
0.10954593867063522
0.11745302379131317
0.1105058565735817
0.0872264951467514
0.13506440818309784
0.14318396151065826
0.14384369552135468
0.12252341210842133
0.12619632482528687
0.13719059526920319
0.11375126242637634
0.13482140004634857
0.14702273905277252
0.11585140228271484
0.1377878040075302
0.10472666472196579
0.12950415909290314
0.1257835030555725
0.1253780722618103
0.10562795400619507
0.12251298129558563
0.1367383450269699
0.13603900372982025
0.12087264657020569
0.09165097028017044
0.13463716208934784
0.18270419538021088
0.17382003366947174
0.10699670761823654
0.0983818843960762
0.10629324615001678
0.10186958312988281
0.1071353331208229
0.07653292268514633
0.1039329543709755
0.15808284282684326
0.10411321371793747
0.11341483891010284
0.14124445617198944
0.11430785804986954
0.13494303822517395
0.13325703144073486
0.0973789393901825
0.132967010140419
0.1357136368751526
0.11570112407207489
0.14010033011436462
0.14419282972812653
0.13128574192523956
0.09881127625703812
0.09421321004629135
0.127317413687706
0.10167589783668518
0.09600019454956055
0.11001747101545334
0.1560209095478058
0.0876825824379921
0.1050683856010437
0.08245382457971573
0.13729360699653625
0.10691417008638382
0.0768330916762352
0.11498104780912399
0.12677961587905884
0.09439004212617874
0.11035510152578354
0.09409196674823761
0.14836107194423676
0.12997861206531525
0.12789826095104218
0.09633460640907288
0.1219181939959526
0.11184567213058472
0.10956127941608429
0.10652722418308258
0.06013748049736023
0.09613581001758575
0.07720667123794556
0.0858364999294281
0.13728293776512146
0.10009469091892242
0.129506453871727
0.11729326844215393
0.10417702049016953
0.08104099333286285
0.13793045282363892
0.09366720169782639
0.14232411980628967
0.10852200537919998
0.08086040616035461
0.08987776935100555
0.09516683220863342
0.10406269133090973
0.10398025810718536
0.11209865659475327
0.10269564390182495
0.07889428734779358
0.10785210877656937
0.12484348565340042
0.08950763940811157
0.08479326218366623
0.1250150054693222
0.09698230028152466
0.09449152648448944
0.09382063895463943
0.10062163323163986
0.1403293013572693
0.11557808518409729
0.08671597391366959
0.07989571243524551
0.08405809104442596
0.08609764277935028
0.09731133282184601
0.07386306673288345
0.08091896772384644
0.07960475981235504
0.09181488305330276
0.12743602693080902
0.0980871319770813
0.11335869133472443
0.09574753046035767
0.10601064562797546
0.09611698985099792
0.09498027712106705
0.06895820796489716
0.08529911935329437
0.11723119765520096
0.09339474886655807
0.09621214866638184
0.09125969558954239
0.09519626945257187
0.0689396858215332
0.08617667108774185
0.07982342690229416
0.07632221281528473
0.0772746205329895
0.08220848441123962
0.10248453915119171
0.07518591731786728
0.07789693772792816
0.08289218693971634
0.08655031025409698
0.14240428805351257
0.09927498549222946
0.06895515322685242
0.09868255257606506
0.08856281638145447
0.09923715889453888
0.1001599133014679
0.13048994541168213
0.11088252812623978
0.09245748817920685
0.09589841216802597
0.0962972342967987
0.11571267992258072
0.0912177637219429
0.07333731651306152
0.07935669273138046
0.06311020255088806
0.09272517263889313
0.08298903703689575
0.12211242318153381
0.07362612336874008
0.06031149998307228
0.09413567185401917
0.08326622098684311
0.07397379726171494
0.06125400960445404
0.08195318281650543
0.10591162741184235
0.13333645462989807
0.09206985682249069
0.08126002550125122
0.09106435626745224
0.09352588653564453
0.08806438744068146
0.09911161661148071
0.07941199094057083
0.10421525686979294
0.09598497301340103
0.10479120910167694
0.06810667365789413
0.08535738289356232
0.08818277716636658
0.12605440616607666
0.11766112595796585
0.1089019775390625
0.10229876637458801
0.09567549079656601
0.09377380460500717
0.10799453407526016
0.05813136696815491
0.0736919417977333
0.06382341682910919
0.07925311475992203
0.07900144904851913
0.04732094705104828
0.05968150496482849
0.07329308986663818
0.06970617175102234
0.07212050259113312
0.06553574651479721
0.06582722067832947
0.10274366289377213
0.08848769962787628
0.09177038073539734
0.10959067195653915
0.06513628363609314
0.06735727936029434
0.06828662753105164
0.09864184260368347
0.07319798320531845
0.06536402553319931
0.06651676446199417
0.0617520697414875
0.07001008838415146
0.05546863004565239
0.061286792159080505
0.07293146848678589
0.09085988998413086
0.04935620352625847
0.07244138419628143
0.11248748004436493
0.07219040393829346
0.0792199894785881
0.07086577266454697
0.10202041268348694
0.08373041450977325
0.07544760406017303
0.04723943769931793
0.04661086946725845
0.08913606405258179
0.07061281055212021
0.056475039571523666
0.048178330063819885
0.05167225003242493
0.06846974045038223
0.0882120132446289
0.060059141367673874
0.05475354194641113
0.034211792051792145
0.04144810140132904
0.05932972580194473
0.0448867566883564
0.03832843154668808
0.05974936485290527
0.07068239897489548
0.10156217217445374
0.08381258696317673
0.053836971521377563
0.04267042130231857
0.058364711701869965
0.06210918352007866
0.06062478944659233
0.039135996252298355
0.055385541170835495
0.05987647920846939
0.04098977521061897
0.08437446504831314
0.07154428958892822
0.08989299833774567
0.06984452158212662
0.041558198630809784
0.048518236726522446
0.04776263236999512
0.04517129808664322
0.03477004915475845
0.05242270603775978
0.0918770581483841
0.1294734925031662
0.05501652881503105
0.05509180203080177
0.05388885363936424
0.04338262975215912
0.035685885697603226
0.048658475279808044
0.034987080842256546
0.06196059659123421
0.04285002872347832
0.047151532024145126
0.05841788277029991
0.04866104573011398
0.054798513650894165
0.05542193353176117
0.08377271890640259
0.06805042922496796
0.044446174055337906
0.035298142582178116
0.042821284383535385
0.047964371740818024
0.04522411897778511
0.059014786034822464
0.10582507401704788
0.051541078835725784
0.04903118684887886
0.0479302778840065
0.045825716108083725
0.04112386703491211
0.03844781592488289
0.048855625092983246
0.04058016836643219
0.0806654542684555
0.06554163992404938
0.05145299807190895
0.07302015274763107
0.05229390040040016
0.06832270324230194
0.04234332591295242
0.06611297279596329
0.0536775216460228
0.026287958025932312
0.05414494499564171
0.04842640832066536
0.04385723918676376
0.03522748872637749
0.06737449765205383
0.08758266270160675
0.0713512971997261
0.042278748005628586
0.04770059138536453
0.03658643737435341
0.03188531473278999
0.04692542925477028
0.04295367747545242
0.0572238489985466
0.046755604445934296
0.038595426827669144
0.048312608152627945
0.06676241755485535
0.05551574379205704
0.05035700276494026
0.08895283937454224
0.04171758145093918
0.05173281207680702
0.0444137305021286
0.0461370088160038
0.05644070729613304
0.04105324298143387
0.03884662687778473
0.05533810704946518
0.0471438392996788
0.07498829811811447
0.05173188075423241
0.05241572856903076
0.045936211943626404
0.04398172348737717
0.0635722279548645
0.04936894029378891
0.057324472814798355
0.033240605145692825
0.06001191958785057
0.056565266102552414
0.04047863185405731
0.0428352877497673
0.04571577534079552
0.03949640691280365
0.04426468908786774
0.04025161266326904
0.03819550201296806
0.04481474310159683
0.05585988983511925
0.08347301185131073
0.07096633315086365
0.06127983704209328
0.03899230808019638
0.04772470146417618
0.04548582434654236
0.05301426723599434
0.03250960260629654
0.03863731026649475
0.03704303875565529
0.031203098595142365
0.03441716358065605
0.04694918543100357
0.058576811105012894
0.029970264062285423
0.056124284863471985
0.05455520749092102
0.038340792059898376
0.03443846106529236
0.047017183154821396
0.04104693979024887
0.05253501981496811
0.058322858065366745
0.05939212813973427
0.04172778129577637
0.04786517471075058
0.03747288137674332
0.05024261400103569
0.033461738377809525
0.039787281304597855
0.051547542214393616
0.03963160514831543
0.03440137207508087
0.029418962076306343
0.033615365624427795
0.044187016785144806
0.032479654997587204
0.056974343955516815
0.07967431843280792
0.05365050211548805
0.04221739619970322
0.03416711837053299
0.027712421491742134
0.05158109590411186
0.04892686381936073
0.057289835065603256
0.04045312851667404
0.02169368788599968
0.03480523079633713
0.04836823046207428
0.03409449756145477
0.03083646111190319
0.029531175270676613
0.053593434393405914
0.02835124172270298
0.05689430609345436
0.05038299411535263
0.03984316438436508
0.03129454702138901
0.0411796048283577
0.058655958622694016
0.0598752461373806
0.04186934605240822
0.031494785100221634
0.039335791021585464
0.040216706693172455
0.03482486307621002
0.045826178044080734
0.05155659839510918
0.048162490129470825
0.03910669684410095
0.03198256716132164
0.02767319418489933
0.0512927882373333
0.039007943123579025
0.031496528536081314
0.04058722406625748
0.03488725796341896
0.04588031768798828
0.07789108157157898
0.04677310958504677
0.024957019835710526
0.03182061016559601
0.030216937884688377
0.04507971927523613
0.04791686683893204
0.033216238021850586
0.04869236424565315
0.04480452835559845
0.04098745435476303
0.034562598913908005
0.029822487384080887
0.027059663087129593
0.02667880244553089
0.030859531834721565
0.043609581887722015
0.05008330196142197
0.027654120698571205
0.040611959993839264
0.04900447279214859
0.04596324265003204
0.05837620794773102
0.04720548167824745
0.03467537835240364
0.04455102980136871
0.048808373510837555
0.0549805648624897
0.04315035045146942
0.041097983717918396
0.04834799841046333
0.0502762608230114
0.035401441156864166
0.037921223789453506
0.028549563139677048
0.03777726739645004
0.03428597375750542
0.0394100658595562
0.037728384137153625
0.03809008002281189
0.02768787182867527
0.029063673689961433
0.027712730690836906
0.06984798610210419
0.05036625266075134
0.032442379742860794
0.03651604801416397
0.029945163056254387
0.04854745417833328
0.05270557105541229
0.04891446977853775
0.032710276544094086
0.027193162590265274
0.03006185032427311
0.037091031670570374
0.047509003430604935
0.03537152707576752
0.02304493449628353
0.029543330892920494
0.02485351637005806
0.020621754229068756
0.02241876907646656
0.025471091270446777
0.026900144293904305
0.03673858568072319
0.05041779950261116
0.03235757350921631
0.03522209823131561
0.045232828706502914
0.02565600909292698
0.03439659997820854
0.03151321038603783
0.0416715145111084
0.05954771488904953
0.04050438478589058
0.02787407487630844
0.031412273645401
0.01865113340318203
0.030567729845643044
0.03083782270550728
0.028144221752882004
0.027346482500433922
0.02603374421596527
0.02716064266860485
0.032860416918992996
0.036486901342868805
0.02883000113070011
0.027019323781132698
0.02984757162630558
0.03591124713420868
0.03643181547522545
0.022377781569957733
0.025098655372858047
0.029176561161875725
0.022336715832352638
0.03463558107614517
0.044760871678590775
0.05800160765647888
0.04690222814679146
0.03255179524421692
0.03808997943997383
0.02662861905992031
0.033010419458150864
0.01921440288424492
0.020526254549622536
0.0437811054289341
0.03579091280698776
0.04443177208304405
0.03756251931190491
0.021880609914660454
0.03435615450143814
0.029563037678599358
0.03256397321820259
0.022111669182777405
0.02445637620985508
0.020304739475250244
0.02890683338046074
0.03429662808775902
0.033953674137592316
0.03934922069311142
0.06532588601112366
0.04198045656085014
0.020174596458673477
0.035336144268512726
0.02644888125360012
0.028180181980133057
0.029959149658679962
0.027029307559132576
0.023543041199445724
0.024261608719825745
0.015582075342535973
0.02913687750697136
0.025914696976542473
0.03167707100510597
0.021809741854667664
0.02940022386610508
0.052325908094644547
0.044860754162073135
0.022606048732995987
0.03347403556108475
0.03477155789732933
0.026856698095798492
0.02542075887322426
0.03059219755232334
0.02950708568096161
0.02742689847946167
0.020378530025482178
0.028327396139502525
0.020252741873264313
0.02367008849978447
0.030785664916038513
0.058680687099695206
0.033213838934898376
0.02528989128768444
0.023983502760529518
0.020417749881744385
0.03172389417886734
0.01106693409383297
0.02590235508978367
0.01990174502134323
0.0221308134496212
0.03500337153673172
0.03229806572198868
0.02694813907146454
0.025093358010053635
0.012858707457780838
0.031108073890209198
0.02671866863965988
0.03033130243420601
0.026803193613886833
0.016933618113398552
0.021463656798005104
0.04868616163730621
0.06107639893889427
0.03273408114910126
0.024454694241285324
0.032831862568855286
0.030186515301465988
0.030791930854320526
0.029258275404572487
0.028010422363877296
0.038788098841905594
0.03185311704874039
0.02751576341688633
0.026480035856366158
0.01581675559282303
0.02023344486951828
0.009228955022990704
0.0288668442517519
0.033418215811252594
0.018846727907657623
0.024493716657161713
0.026369145140051842
0.0473601371049881
0.01869022101163864
0.019371457397937775
0.026218105107545853
0.021479681134223938
0.02048279531300068
0.038435403257608414
0.032293859869241714
0.017251135781407356
0.026354141533374786
0.03052934817969799
0.02605678141117096
0.03752313181757927
0.027135763317346573
0.026997435837984085
0.02563314139842987
0.013569662347435951
0.025222064927220345
0.02063446305692196
0.02205515466630459
0.018224554136395454
0.021603569388389587
0.024257397279143333
0.02367241308093071
0.013253879733383656
0.02198539301753044
0.03143739327788353
0.03892778232693672
0.023648297414183617
0.02606099657714367
0.02074410766363144
0.023201169446110725
0.027448808774352074
0.03566152602434158
0.049080751836299896
0.028159355744719505
0.03150007128715515
0.024145815521478653
0.02341785468161106
0.02549007348716259
0.02428051456809044
0.02560458332300186
0.02177124284207821
0.024427689611911774
0.018165193498134613
0.029206575825810432
0.024651002138853073
0.023954281583428383
0.021752288565039635
0.015662897378206253
0.021538639441132545
0.019464263692498207
0.01729809120297432
0.01920771412551403
0.016484390944242477
0.031091803684830666
0.041921891272068024
0.028842924162745476
0.029467163607478142
0.02888144738972187
0.026216022670269012
0.024479728192090988
0.02808368392288685
0.014725140295922756
0.020733900368213654
0.03406180068850517
0.019413715228438377
0.012210734188556671
0.020400390028953552
0.015458498150110245
0.017013873904943466
0.0158285740762949
0.014950234442949295
0.017526231706142426
0.014303174801170826
0.019685227423906326
0.0261099673807621
0.026378581300377846
0.04792814329266548
0.017170729115605354
0.012692374177277088
0.01693786308169365
0.0310843326151371
0.023378856480121613
0.016826270148158073
0.027697572484612465
0.015610051341354847
0.0168708898127079
0.018966680392622948
0.023517662659287453
0.05066186934709549
0.040017589926719666
0.025386521592736244
0.01338929869234562
0.021071793511509895
0.013867302797734737
0.0181942917406559
0.020102612674236298
0.02637198008596897
0.017826631665229797
0.018495827913284302
0.017292523756623268
0.021016741171479225
0.01964860036969185
0.017813673242926598
0.019173670560121536
0.017006127163767815
0.030173908919095993
0.032496578991413116
0.045406222343444824
0.021056441590189934
0.009348499588668346
0.017514696344733238
0.022441420704126358
0.0164652056992054
0.016191823408007622
0.014145973138511181
0.01746877282857895
0.020536193624138832
0.01835586130619049
0.016809608787298203
0.010932756587862968
0.013087928295135498
0.03231850266456604
0.03106926754117012
0.030407266691327095
0.020024336874485016
0.01418892852962017
0.012871292419731617
0.01986902765929699
0.014634652063250542
0.01812855154275894
0.028770199045538902
0.03797578439116478
0.025084318593144417
0.02753930538892746
0.023860227316617966
0.012198185548186302
0.027774367481470108
0.022572247311472893
0.018300270661711693
0.014687348157167435
0.019375063478946686
0.012215466238558292
0.023451589047908783
0.02048424631357193
0.019939996302127838
0.021452665328979492
0.024730123579502106
0.021373024210333824
0.019401127472519875
0.016551334410905838
0.0218583345413208
0.026935745030641556
0.026085887104272842
0.026631679385900497
0.015974361449480057
0.03240932896733284
0.014431375078856945
0.010276596993207932
0.016714943572878838
0.025269877165555954
0.01993931457400322
0.018041927367448807
0.02103232406079769
0.017792942002415657
0.01717185042798519
0.02004113979637623
0.010575909167528152
0.012041905894875526
0.0204627625644207
0.018442891538143158
0.01963324472308159
0.032109376043081284
0.029638685286045074
0.016564033925533295
0.008202692493796349
0.020718267187476158
0.02340557612478733
0.02015421912074089
0.009407720528542995
0.010677540674805641
0.021209564059972763
0.014487368054687977
0.02754758670926094
0.036740753799676895
0.015673847869038582
0.021825242787599564
0.016146840527653694
0.01967673934996128
0.02026120014488697
0.020454024896025658
0.022661464288830757
0.013757191598415375
0.013449461199343204
0.02577226795256138
0.019861483946442604
0.016892775893211365
0.013267622329294682
0.018272781744599342
0.013204611837863922
0.02323666773736477
0.022259701043367386
0.022198431193828583
0.01688317023217678
0.01547316275537014
0.019852669909596443
0.02146177925169468
0.029939107596874237
0.01619991473853588
0.01435119193047285
0.008179432712495327
0.02689148485660553
0.012955944985151291
0.010155673138797283
0.014474672265350819
0.013134399428963661
0.020682644098997116
0.025668853893876076
0.02723952941596508
0.02530931681394577
0.019196027889847755
0.01123614888638258
0.012225693091750145
0.012595116160809994
0.011245150119066238
0.016253534704446793
0.028353122994303703
0.022552885115146637
0.02054258994758129
0.020551415160298347
0.016515199095010757
0.01597764901816845
0.011662149801850319
0.017543062567710876
0.018351584672927856
0.01888132095336914
0.018808044493198395
0.018887879326939583
0.021003330126404762
0.015367204323410988
0.007446612231433392
0.009417505003511906
0.014592383988201618
0.02663673833012581
0.014147856272757053
0.011764212511479855
0.01733241230249405
0.01527325063943863
0.012631175108253956
0.019085558131337166
0.028186332434415817
0.020545313134789467
0.023327913135290146
0.01176671963185072
0.018868420273065567
0.012388509698212147
0.012268474325537682
0.012381142005324364
0.019233310595154762
0.017042256891727448
0.017790034413337708
0.014679213985800743
0.02217845246195793
0.020388081669807434
0.021519076079130173
0.014805682934820652
0.014116986654698849
0.006861420813947916
0.013865741901099682
0.012680203653872013
0.011190708726644516
0.016502108424901962
0.021715659648180008
0.020088154822587967
0.017283789813518524
0.01576382853090763
0.021967854350805283
0.026934316381812096
0.012635481543838978
0.020804736763238907
0.009134414605796337
0.010353317484259605
0.013342234306037426
0.016068093478679657
0.012330923229455948
0.011252619326114655
0.012548604048788548
0.017158744856715202
0.009917068295180798
0.011058631353080273
0.009013613685965538
0.024578843265771866
0.017185650765895844
0.011587205342948437
0.025121260434389114
0.03377356380224228
0.014392709359526634
0.01331851165741682
0.016922054812312126
0.015413623303174973
0.023645084351301193
0.02241872251033783
0.027118148282170296
0.013825594447553158
0.02117708884179592
0.021170087158679962
0.019353754818439484
0.008407829329371452
0.011882063001394272
0.013210032135248184
0.007733977399766445
0.03609677776694298
0.014164927415549755
0.01880698651075363
0.01517249271273613
0.015627339482307434
0.017023850232362747
0.009741486050188541
0.012582833878695965
0.010520287789404392
0.009857304394245148
0.010927530936896801
0.013762755319476128
0.019166314974427223
0.016016408801078796
0.014196124859154224
0.01185857318341732
0.00943700410425663
0.013243564404547215
0.019794883206486702
0.02041938528418541
0.01796739734709263
0.010727789252996445
0.01716545969247818
0.020607542246580124
0.0151985427364707
0.016097407788038254
0.01842336170375347
0.014780325815081596
0.014339454472064972
0.01010679081082344
0.00887448899447918
0.01811518520116806
0.019335918128490448
0.020633144304156303
0.01604667864739895
0.011612518690526485
0.015240030363202095
0.011663023382425308
0.024066194891929626
0.014109582640230656
0.011678969487547874
0.015282065607607365
0.017313111573457718
0.01010601595044136
0.006115300115197897
0.009637855924665928
0.018859976902604103
0.019342482089996338
0.01714007556438446
0.012207664549350739
0.011046070605516434
0.015587937086820602
0.01442841999232769
0.015024346299469471
0.013951797038316727
0.016917435452342033
0.009092491120100021
0.015293433330953121
0.012214425019919872
0.013532331213355064
0.0104643814265728
0.011550252325832844
0.017623508349061012
0.014184286817908287
0.01643212139606476
0.021535076200962067
0.02243253029882908
0.024576503783464432
0.01625976711511612
0.008497826755046844
0.02015681192278862
0.0075971572659909725
0.014232643879950047
0.009431999176740646
0.017586415633559227
0.017649643123149872
0.00851049367338419
0.009238343685865402
0.011376211419701576
0.009794503450393677
0.014219079166650772
0.010959765873849392
0.015285689383745193
0.013477116823196411
0.01659511961042881
0.01170393731445074
0.015263816341757774
0.02017691545188427
0.023343684151768684
0.02105318009853363
0.01385826338082552
0.012125333771109581
0.008198423311114311
0.015058998018503189
0.010149190202355385
0.021000633016228676
0.017593329772353172
0.008633929304778576
0.010777919553220272
0.010963722132146358
0.008075898513197899
0.01047372817993164
0.011223298497498035
0.015781251713633537
0.01228509284555912
0.026727959513664246
0.008945098146796227
0.018171394243836403
0.012931104749441147
0.01583031192421913
0.008866941556334496
0.01320688333362341
0.019457805901765823
0.01628415659070015
0.007539574988186359
0.009045729413628578
0.013463237322866917
0.011811151169240475
0.007904551923274994
0.00924588367342949
0.012615934945642948
0.017068151384592056
0.018395744264125824
0.017964450642466545
0.014192432165145874
0.007838914170861244
0.013923045247793198
0.009814691729843616
0.008978510275483131
0.009069754742085934
0.02212076634168625
0.015308164060115814
0.017335159704089165
0.017251865938305855
0.011014934629201889
0.008030417375266552
0.010782621800899506
0.013770688325166702
0.016213349997997284
0.017765261232852936
0.017993610352277756
0.009243533946573734
0.006100846920162439
0.015034756623208523
0.011562821455299854
0.010512051172554493
0.01298467442393303
0.00867950078099966
0.01857008785009384
0.030621418729424477
0.020499613136053085
0.01351527776569128
0.005118586588650942
0.007908407598733902
0.013051368296146393
0.014269720762968063
0.005137079861015081
0.012593220919370651
0.013112982735037804
0.010596893727779388
0.004245451185852289
0.009687704034149647
0.011702639982104301
0.00952483993023634
0.007222013082355261
0.01634052023291588
0.023019030690193176
0.02327904663980007
0.018011201173067093
0.010264450684189796
0.011344912461936474
0.009375599212944508
0.011570703238248825
0.007485377602279186
0.008364863693714142
0.007672750856727362
0.011747155338525772
0.010409997776150703
0.012514016591012478
0.010063634254038334
0.012686435133218765
0.01987355202436447
0.025397291406989098
0.02195713482797146
0.008255371823906898
0.017369212582707405
0.013410539366304874
0.008381446823477745
0.007864904589951038
0.012829983606934547
0.013716758228838444
0.009153883904218674
0.01180427148938179
0.014572621323168278
0.013344458304345608
0.007912066765129566
0.016314668580889702
0.012004811316728592
0.00856438372284174
0.013927220366895199
0.02414006181061268
0.01725776679813862
0.007463742978870869
0.008572811260819435
0.014379981905221939
0.00918350089341402
0.00500867422670126
0.012065701186656952
0.006846598349511623
0.010146694257855415
0.016339801251888275
0.018865182995796204
0.016468403860926628
0.01646272838115692
0.019417475908994675
0.019078567624092102
0.016339316964149475
0.01179084088653326
0.010242659598588943
0.01283652801066637
0.01329584140330553
0.007894818671047688
0.007568302098661661
0.010599900037050247
0.012697087600827217
0.015030323527753353
0.010835537686944008
0.009672138839960098
0.006918010767549276
0.009516852907836437
0.008204636164009571
0.017438946291804314
0.0187390074133873
0.015102877281606197
0.011437998153269291
0.013877520337700844
0.00639793835580349
0.011570712551474571
0.00766263110563159
0.010979166254401207
0.008674259297549725
0.016497043892741203
0.01939864456653595
0.013634935952723026
0.013580811209976673
0.0072586266323924065
0.010750669986009598
0.008016953244805336
0.013942278921604156
0.01095482800155878
0.008917877450585365
0.012517443858087063
0.007124359719455242
0.010492878034710884
0.010218205861747265
0.013766637071967125
0.013011286035180092
0.011943740770220757
0.01289800088852644
0.01018860936164856
0.010719242505729198
0.00930157769471407
0.01560511440038681
0.012206549756228924
0.015163552947342396
0.01230015978217125
0.011436655186116695
0.011414861306548119
0.008138506673276424
0.010668558068573475
0.010780077427625656
0.01434505358338356
0.01738675683736801
0.010363702662289143
0.008181774988770485
0.012500870041549206
0.01686435379087925
0.013320308178663254
0.009275708347558975
0.009543119929730892
0.013790171593427658
0.013523832894861698
0.012293888255953789
0.007085745222866535
0.011674702167510986
0.008407210931181908
0.010613289661705494
0.011255443096160889
0.015516865998506546
0.020814552903175354
0.019623328000307083
0.008820300921797752
0.008517250418663025
0.011453521437942982
0.0078058624640107155
0.01221409346908331
0.008012523874640465
0.007465484086424112
0.00772860599681735
0.0071791792288422585
0.012956248596310616
0.009936252608895302
0.014171702787280083
0.015817048028111458
0.018830476328730583
0.019437970593571663
0.01489932555705309
0.00931102316826582
0.007384415715932846
0.00703574949875474
0.0062297554686665535
0.004782562144100666
0.004044735804200172
0.009110466577112675
0.016053462401032448
0.015717657282948494
0.010821005329489708
0.00902461539953947
0.010175553150475025
0.01634810119867325
0.011563612148165703
0.013955486007034779
0.01708316057920456
0.006249177269637585
0.00497137987986207
0.00782027468085289
0.008641859516501427
0.009826099500060081
0.007753006182610989
0.0136885866522789
0.013079067692160606
0.01699662394821644
0.008542243391275406
0.009466629475355148
0.009520991705358028
0.004358330741524696
0.009514388628304005
0.009280295111238956
0.007580348290503025
0.010132857598364353
0.018595892935991287
0.01252294797450304
0.012944656424224377
0.007661628071218729
0.0055929929949343204
0.013698509894311428
0.007740444503724575
0.008750096894800663
0.008323049172759056
0.012227668426930904
0.010162567719817162
0.015488659963011742
0.015222834423184395
0.014165997505187988
0.0072323475033044815
0.006624110508710146
0.014121443964540958
0.011681321077048779
0.011159959249198437
0.008329651318490505
0.008783458732068539
0.005591060034930706
0.006505044177174568
0.014002565294504166
0.012160283513367176
0.014950678683817387
0.011442551389336586
0.012410266324877739
0.018741846084594727
0.01494653895497322
0.009876294992864132
0.009076385758817196
0.007253335788846016
0.009272758848965168
0.006952462252229452
0.007313004229217768
0.008528942242264748
0.005550243891775608
0.005902615375816822
0.008336450904607773
0.007035227958112955
0.009399419650435448
0.006664210464805365
0.0077568781562149525
0.009265937842428684
0.013553190976381302
0.007399610709398985
0.01740790717303753
0.01620476134121418
0.012798445299267769
0.009846562519669533
0.006584420334547758
0.007478516083210707
0.010579577647149563
0.005729996599256992
0.011019280180335045
0.00374789722263813
0.010842022486031055
0.008084640838205814
0.008831576444208622
0.006628761999309063
0.009154320694506168
0.01464749127626419
0.012280672788619995
0.010103344917297363
0.009138675406575203
0.005484706722199917
0.007321455050259829
0.008129731751978397
0.01022049505263567
0.011632532812654972
0.009456184692680836
0.004173680674284697
0.007117156405001879
0.009981408715248108
0.010843574069440365
0.0080432603135705
0.011769881471991539
0.014408770948648453
0.010112051852047443
0.00963806826621294
0.008883660659193993
0.012632901780307293
0.004803293384611607
0.00994503777474165
0.01706378534436226
0.011881519109010696
0.01141573116183281
0.01160762831568718
0.010703866370022297
0.011338267475366592
0.010699626989662647
0.006848872173577547
0.0066415392793715
0.008834327571094036
0.008124724961817265
0.009100290946662426
0.007604207843542099
0.007575197145342827
0.010860404931008816
0.009290660731494427
0.010163716971874237
0.005633992608636618
0.00796842947602272
0.009181923232972622
0.00914978701621294
0.021298201754689217
0.025986144319176674
0.014118066988885403
0.00496837729588151
0.0104371914640069
0.006407299544662237
0.00928486417979002
0.0045339553616940975
0.010773008689284325
0.005732282996177673
0.007088397163897753
0.008658871985971928
0.009301350452005863
0.013056273572146893
0.010489699430763721
0.01033096294850111
0.015240476466715336
0.0093223312869668
0.007921654731035233
0.008012545295059681
0.008544990792870522
0.008530865423381329
0.00578696234151721
0.015100815333425999
0.017334816977381706
0.009494050405919552
0.011129186488687992
0.007634939160197973
0.010457155294716358
0.007411050610244274
0.005564107093960047
0.003929957281798124
0.006408013869076967
0.008774216286838055
0.005727942101657391
0.006982086226344109
0.006046138238161802
0.007929409854114056
0.004498491063714027
0.007943086326122284
0.009305896237492561
0.008964539505541325
0.011136019602417946
0.014717243611812592
0.013524124398827553
0.014245989732444286
0.008487909100949764
0.007108460180461407
0.006288208998739719
0.005709352437406778
0.006886133924126625
0.0086546391248703
0.008103120140731335
0.003205995075404644
0.006232608109712601
0.00969209149479866
0.009836271405220032
0.01415647380053997
0.01250174269080162
0.017982129007577896
0.010171810165047646
0.00678939837962389
0.007676397450268269
0.006763643119484186
0.007889480330049992
0.009720982052385807
0.005081913899630308
0.0062890369445085526
0.0044746436178684235
0.008018969558179379
0.007164201699197292
0.005519949831068516
0.008468754589557648
0.007222875952720642
0.008486357517540455
0.01506726536899805
0.008124034851789474
0.011275624856352806
0.011621798388659954
0.006439598742872477
0.006373976357281208
0.008768090046942234
0.006308325566351414
0.006938039790838957
0.009422228671610355
0.006470898166298866
0.00593747990205884
0.004179667215794325
0.005189565941691399
0.0036692493595182896
0.0069924090057611465
0.007798051927238703
0.012610392645001411
0.021698646247386932
0.015787089243531227
0.007712304126471281
0.007385651580989361
0.006007207557559013
0.009614096954464912
0.009320966899394989
0.0059290919452905655
0.006826750002801418
0.009685742668807507
0.010228957049548626
0.010585073381662369
0.006777916569262743
0.005900069605559111
0.009826980531215668
0.004211081191897392
0.008718840777873993
0.012303845956921577
0.016811614856123924
0.014736980199813843
0.010011711157858372
0.004180239047855139
0.008308620192110538
0.004028435796499252
0.008782483637332916
0.006229796446859837
0.006682917941361666
0.007153453771024942
0.006059763487428427
0.005631582345813513
0.006217191927134991
0.006173403933644295
0.00536017119884491
0.009264201857149601
0.01211724616587162
0.016709743067622185
0.014571031555533409
0.01106321532279253
0.008031303063035011
0.009363534860312939
0.00662198243662715
0.009410289116203785
0.008211868815124035
0.005325485486537218
0.006656093522906303
0.007229936309158802
0.0063011120073497295
0.0050315046682953835
0.007553017232567072
0.003505219705402851
0.006385365035384893
0.006058254279196262
0.01475970633327961
0.01150303240865469
0.01519873645156622
0.006440513301640749
0.008223150856792927
0.011098826304078102
0.01212313398718834
0.006390582304447889
0.009233923628926277
0.006746575701981783
0.005265066400170326
0.010100130923092365
0.010990087874233723
0.010612248443067074
0.006573968566954136
0.008762446232140064
0.011009070090949535
0.011408036574721336
0.010036366060376167
0.00582543620839715
0.006511456333100796
0.005914646200835705
0.005996418185532093
0.008100930601358414
0.006249310914427042
0.003932706080377102
0.007767158560454845
0.0051922304555773735
0.004650557413697243
0.00974171981215477
0.010089211165904999
0.015873128548264503
0.012463774532079697
0.007580313831567764
0.005755702033638954
0.005844710860401392
0.010968964546918869
0.01122831180691719
0.006809302605688572
0.009953179396688938
0.00920934323221445
0.010218525305390358
0.007713726721704006
0.009380465373396873
0.01270853541791439
0.00923238042742014
0.005668320693075657
0.009294464252889156
0.003835435723885894
0.008646580390632153
0.006585985422134399
0.004899831023067236
0.003986573312431574
0.006221007090061903
0.005356892477720976
0.007239270024001598
0.004770388826727867
0.006011946592479944
0.012530860491096973
0.008709796704351902
0.013057690113782883
0.007726720534265041
0.007174619939178228
0.004610745701938868
0.011741871014237404
0.00661972863599658
0.007158779539167881
0.0046476940624415874
0.0052125765942037106
0.004124403931200504
0.005469204857945442
0.007890176959335804
0.007739827036857605
0.00741088530048728
0.013953293673694134
0.014129729010164738
0.016142098233103752
0.008034268394112587
0.004900289699435234
0.0035756127908825874
0.004992475733160973
0.0038435703609138727
0.00641333032399416
0.006226725410670042
0.004720160737633705
0.006764688529074192
0.007485771551728249
0.007253076881170273
0.012583248317241669
0.015465191565454006
0.004771268926560879
0.005368318408727646
0.005952975247055292
0.005165411159396172
0.005743773188441992
0.005372555460780859
0.00722290575504303
0.006611599121242762
0.005324475932866335
0.009048346430063248
0.00717663811519742
0.0061579132452607155
0.007979137822985649
0.004739841446280479
0.006187566556036472
0.004714583978056908
0.006902632303535938
0.005642219912260771
0.0040550315752625465
0.004307590890675783
0.005197216756641865
0.010899940505623817
0.022445347160100937
0.011581683531403542
0.008162991143763065
0.0030454888474196196
0.006567940581589937
0.009073281660676003
0.00442105159163475
0.007053649052977562
0.005493717268109322
0.006245555821806192
0.005347263999283314
0.0059645469300448895
0.007815121673047543
0.004838067572563887
0.0047534978948533535
0.009350291453301907
0.00681294035166502
0.010710274800658226
0.006189758889377117
0.00771326245740056
0.0068112872540950775
0.004143940284848213
0.005475215148180723
0.004723123740404844
0.010073337703943253
0.010331901721656322
0.007372925989329815
0.0101984404027462
0.007590513210743666
0.008143176324665546
0.007598137948662043
0.0041382694616913795
0.007782704196870327
0.00872896984219551
0.01243551168590784
0.006251294165849686
0.00633081654086709
0.006904305424541235
0.0075139012187719345
0.006321553140878677
0.0069147092290222645
0.005808390211313963
0.0057170880027115345
0.005516408011317253
0.004074065014719963
0.007701633032411337
0.009162950329482555
0.009737473912537098
0.01049102284014225
0.0079027209430933
0.0042551555670797825
0.00588679313659668
0.0058697923086583614
0.003944606985896826
0.004289484117180109
0.004975826945155859
0.007975629530847073
0.004792962223291397
0.005577955860644579
0.006099514197558165
0.00906714703887701
0.007825794629752636
0.011901378631591797
0.007740839850157499
0.006595622282475233
0.009034432470798492
0.006295145954936743
0.007740959990769625
0.003977452404797077
0.004140391014516354
0.0053317965939641
0.008077451027929783
0.00623603630810976
0.006762682925909758
0.010057500563561916
0.006880291271954775
0.007890701293945312
0.00593995489180088
0.006063808687031269
0.009200484491884708
0.009030780754983425
0.00631105899810791
0.004234836902469397
0.004685948137193918
0.005650604143738747
0.0028999540954828262
0.00515900831669569
0.009385129436850548
0.009237119928002357
0.010749020613729954
0.010281295515596867
0.009441185742616653
0.004434916656464338
0.005064819008111954
0.004239752888679504
0.004660353064537048
0.00407318165525794
0.004192681517452002
0.007790233474224806
0.00933814886957407
0.006330591626465321
0.0064090704545378685
0.00698443315923214
0.005477273836731911
0.004971100017428398
0.007643104996532202
0.015085002407431602
0.01651877723634243
0.007943489588797092
0.005457714200019836
0.0052349925972521305
0.005428346339613199
0.0027967155911028385
0.0077007729560136795
0.006950987968593836
0.004774497356265783
0.008275661617517471
0.009504876099526882
0.005604935809969902
0.002914292737841606
0.006265475880354643
0.003933516331017017
0.0064608752727508545
0.007479200139641762
0.009108560159802437
0.007284506689757109
0.00502721406519413
0.008531907573342323
0.00870747771114111
0.007674210239201784
0.006381449289619923
0.0043019820004701614
0.0038221513386815786
0.0037732345517724752
0.00531217735260725
0.011298874393105507
0.007945902645587921
0.008286877535283566
0.007786676753312349
0.0066875871270895
0.005681552458554506
0.004716419614851475
0.010192499496042728
0.003705165581777692
0.006441167555749416
0.007001668214797974
0.005219612270593643
0.004719842225313187
0.005587450694292784
0.006631350144743919
0.00556188216432929
0.004674406722187996
0.0030134874396026134
0.006327675189822912
0.005138098727911711
0.005796147510409355
0.008284981362521648
0.011159688234329224
0.014413630589842796
0.009531116113066673
0.007755546364933252
0.00523611344397068
0.007959732785820961
0.0026341513730585575
0.0026216811966151
0.004110831767320633
0.004110835026949644
0.00491733755916357
0.004992051050066948
0.005241849925369024
0.005107933189719915
0.007201273925602436
0.006009467877447605
0.006998772732913494
0.00506298802793026
0.005020005628466606
0.005180142354220152
0.0043628220446407795
0.005251739174127579
0.0026729998644441366
0.005233131814748049
0.008463051170110703
0.010797114111483097
0.008928406052291393
0.006568139418959618
0.006932246033102274
0.007416557054966688
0.005812643561512232
0.004736745730042458
0.005227902438491583
0.003019280731678009
0.00431651109829545
0.0033468976616859436
0.004814294166862965
0.00690709613263607
0.011190526187419891
0.009155774489045143
0.006672331597656012
0.005086352117359638
0.009198003448545933
0.00889005046337843
0.008955834433436394
0.006773433182388544
0.007927097380161285
0.003715166123583913
0.004103314131498337
0.004237428307533264
0.004272723104804754
0.0033176997676491737
0.003909803926944733
0.004566763062030077
0.003375399624928832
0.007227318827062845
0.012227330356836319
0.016276245936751366
0.007467653136700392
0.003641951596364379
0.002391217276453972
0.002649979665875435
0.0032446107361465693
0.005001661833375692
0.004936535377055407
0.00494393240660429
0.007838917896151543
0.006637067999690771
0.0075176917016506195
0.007337501272559166
0.006769092287868261
0.00685815280303359
0.00643943389877677
0.005199815146625042
0.0077179716899991035
0.005223750602453947
0.005432609468698502
0.005767515394836664
0.009155845269560814
0.007305249106138945
0.0038888328708708286
0.005020579788833857
0.01189148984849453
0.008971713483333588
0.007191247306764126
0.005883536301553249
0.0074247014708817005
0.005435891915112734
0.0034342429134994745
0.006407587323337793
0.0068692294880747795
0.005327093414962292
0.006018309388309717
0.00805050227791071
0.006642088759690523
0.005843294318765402
0.00535431457683444
0.004164850804954767
0.005092465318739414
0.006057117134332657
0.004299946594983339
0.003741620806977153
0.0033983630128204823
0.003934559877961874
0.0024719873908907175
0.0029657387640327215
0.003581487573683262
0.004483385942876339
0.006161826197057962
0.006310058757662773
0.00678729172796011
0.006358521059155464
0.007596039213240147
0.00579552398994565
0.00566039327532053
0.0039961314760148525
0.004999403841793537
0.003993305843323469
0.004158917814493179
0.006411532871425152
0.008824166841804981
0.00806131586432457
0.005916634574532509
0.004652195610105991
0.004977778997272253
0.004655994009226561
0.00386578356847167
0.004989678040146828
0.004118381068110466
0.004799033049494028
0.003675372339785099
0.006880277302116156
0.0077145397663116455
0.005273602437227964
0.006333165802061558
0.003676421707496047
0.004571361932903528
0.0025749686174094677
0.0019132517045363784
0.00406527379527688
0.004146709572523832
0.005659308284521103
0.004617718979716301
0.007072293199598789
0.008914707228541374
0.003172556171193719
0.003391128731891513
0.004177807364612818
0.005256441421806812
0.005834149196743965
0.005018012598156929
0.00831236969679594
0.008465851657092571
0.008779400959610939
0.0076168375089764595
0.0027870582416653633
0.003435857594013214
0.004625723231583834
0.004565941169857979
0.00621879892423749
0.005698050372302532
0.004475329536944628
0.004176164511591196
0.0024238168261945248
0.007092424668371677
0.006279227323830128
0.009096316061913967
0.007069542538374662
0.00473384652286768
0.0034335663076490164
0.0028990674763917923
0.0034193843603134155
0.002044486114755273
0.0020661831367760897
0.003945219796150923
0.004743983969092369
0.005380871705710888
0.006469289772212505
0.009523160755634308
0.009259313344955444
0.0086541548371315
0.0065865181386470795
0.005962086375802755
0.005453698802739382
0.0035923635587096214
0.005253291223198175
0.008118526078760624
0.005362685304135084
0.0071570114232599735
0.005946531426161528
0.005303446669131517
0.00614188751205802
0.0038822987116873264
0.006150103639811277
0.005416605621576309
0.005055728368461132
0.004299241118133068
0.004521604627370834
0.003789312206208706
0.004498139955103397
0.005841431673616171
0.0072044432163238525
0.005037727300077677
0.0056060184724628925
0.005482807755470276
0.005134618375450373
0.004851386416703463
0.0038027700502425432
0.003063529497012496
0.006924705114215612
0.005865759216248989
0.004371722228825092
0.0032926215790212154
0.003968898206949234
0.004100566729903221
0.002471222775056958
0.005168819800019264
0.004733681678771973
0.0035464924294501543
0.004749747458845377
0.004090908914804459
0.0032547544687986374
0.0038060022052377462
0.0035302615724503994
0.0035018548369407654
0.005909668281674385
0.011918211355805397
0.012013532221317291
0.007925128564238548
0.007871098816394806
0.005682690069079399
0.003857152070850134
0.005224296823143959
0.006068595685064793
0.004422164522111416
0.0024233474396169186
0.002685211831703782
0.001338782487437129
0.003700042376294732
0.0033404454588890076
0.004468010272830725
0.003918068949133158
0.0028025079518556595
0.0041091167367994785
0.0064111375249922276
0.008142956532537937
0.009928476996719837
0.005094234365969896
0.007074037101119757
0.005239969119429588
0.004564281553030014
0.005579486954957247
0.0048420624807477
0.0029176913667470217
0.00397754181176424
0.005415376275777817
0.007933801040053368
0.004333839286118746
0.0021401355043053627
0.0035367838572710752
0.002757346723228693
0.0037078624591231346
0.003064255230128765
0.003238583216443658
0.0037647110875695944
0.002470415784046054
0.0026444026734679937
0.0031425466295331717
0.003602445125579834
0.0055261836387217045
0.0031925507355481386
0.005862103309482336
0.0042325584217906
0.0058449204079806805
0.005534844007343054
0.005642908625304699
0.005573592614382505
0.004313733894377947
0.007053080014884472
0.007191244512796402
0.007445004768669605
0.005528505891561508
0.005833405070006847
0.0037700701504945755
0.0029322325717657804
0.0038156528025865555
0.005250413436442614
0.004120993427932262
0.0034037309233099222
0.004448195919394493
0.005318675190210342
0.005945416633039713
0.005286597181111574
0.006024673115462065
0.0030195105355232954
0.003002200974151492
0.0038217988330870867
0.003266553394496441
0.00277918903157115
0.004953805357217789
0.008109664544463158
0.00423550046980381
0.007842493243515491
0.006016916129738092
0.005360097158700228
0.0034395793918520212
0.004030570853501558
0.004715448245406151
0.006407365668565035
0.006929844617843628
0.007391923572868109
0.007812052965164185
0.005640340503305197
0.0050854915753006935
0.006353459320962429
0.00643123546615243
0.0030799773521721363
0.0034784330055117607
0.0029353215359151363
0.0022325373720377684
0.0029246602207422256
0.00171373481862247
0.0025495090521872044
0.0033565692137926817
0.004206033423542976
0.005809048190712929
0.0066831219010055065
0.006080311723053455
0.004366552457213402
0.004039105959236622
0.0036530897486954927
0.006092505529522896
0.00794776901602745
0.007496073842048645
0.004246125929057598
0.005272701848298311
0.002760743722319603
0.0033114051911979914
0.004315759055316448
0.005663079209625721
0.005004970356822014
0.00386505457572639
0.0022809323854744434
0.003477212507277727
0.005496032070368528
0.0064250207506120205
0.007179601117968559
0.005441788583993912
0.0047559295780956745
0.0028698903042823076
0.0024099848233163357
0.0034392750822007656
0.003668086836114526
0.0041159214451909065
0.003538584802299738
0.006894804071635008
0.008883816190063953
0.00512462155893445
0.00510203605517745
0.004870965611189604
0.0049720690585672855
0.003837206633761525
0.005464043002575636
0.00452507846057415
0.003368254052475095
0.003287118161097169
0.002288424875587225
0.002711708890274167
0.00366728357039392
0.004241089336574078
0.004124550614506006
0.004473971202969551
0.005156668368726969
0.003647924866527319
0.0038186947349458933
0.0023815887980163097
0.0029833647422492504
0.004411763045936823
0.004529827740043402
0.004072707146406174
0.003077990375459194
0.004394818097352982
0.002882586792111397
0.0035719212610274553
0.006112326867878437
0.008749013766646385
0.007374213542789221
0.005474712233990431
0.005553348455578089
0.004682695493102074
0.004701867233961821
0.0020755063742399216
0.0022514371667057276
0.0020130365155637264
0.0038857506588101387
0.0029765265062451363
0.002343742875382304
0.0034834363032132387
0.005744139663875103
0.008854028768837452
0.008098691701889038
0.005666862707585096
0.0055490173399448395
0.0028644511476159096
0.005004292819648981
0.004427221603691578
0.002891683019697666
0.0035727464128285646
0.002596521284431219
0.003230143105611205
0.005885248072445393
0.005412553437054157
0.004192590247839689
0.003584854304790497
0.004275591112673283
0.004154684953391552
0.003331412561237812
0.004454266745597124
0.005157119128853083
0.003886366728693247
0.0036200580652803183
0.0038376927841454744
0.003395072417333722
0.0046431319788098335
0.0066661592572927475
0.004991260357201099
0.005171403754502535
0.005598553456366062
0.005993292201310396
0.00457919342443347
0.0042135994881391525
0.004169119987636805
0.0016199162928387523
0.0026151780039072037
0.0032551512122154236
0.0031217774376273155
0.0029577084351330996
0.002046294044703245
0.002855622209608555
0.00445701414719224
0.00806916132569313
0.009177415631711483
0.008776619099080563
0.006942054722458124
0.0036368221044540405
0.0032209691125899553
0.0034716015215963125
0.0016110418364405632
0.002493995474651456
0.0023846242111176252
0.004400948993861675
0.0034348871558904648
0.002631968352943659
0.0023490036837756634
0.0032828212715685368
0.00408107740804553
0.004576165694743395
0.007163286209106445
0.008747742511332035
0.007172345649451017
0.0066811381839215755
0.003327262122184038
0.0031163326930254698
0.004333794582635164
0.0026994370855391026
0.0034272221382707357
0.003763458924368024
0.005251075141131878
0.00436220271512866
0.007801447995007038
0.0069644870236516
0.004818498156964779
0.002951669041067362
0.003536804113537073
0.0028466738294810057
0.002826741896569729
0.002663119463250041
0.0027902538422495127
0.0034452727995812893
0.002051474992185831
0.001696200342848897
0.00353233446367085
0.0028399541042745113
0.003138046944513917
0.004757450427860022
0.007148416247218847
0.013516546227037907
0.01030155923217535
0.006053803022950888
0.003693857230246067
0.0032464053947478533
0.0030882596038281918
0.0018990241223946214
0.0026525957509875298
0.002922479994595051
0.0036248904652893543
0.003025127574801445
0.002413853071630001
0.0021008539479225874
0.0035359186585992575
0.002265013987198472
0.0024908145423978567
0.0033248215913772583
0.0028564429376274347
0.0032489397563040257
0.006498438306152821
0.006641665007919073
0.0042143394239246845
0.004663855768740177
0.006982638034969568
0.007420836482197046
0.007010702043771744
0.0033274334855377674
0.00321128754876554
0.0020424502436071634
0.002616879064589739
0.0021530091762542725
0.0033412331249564886
0.002325179520994425
0.002539181150496006
0.001988261239603162
0.002707404550164938
0.003176535712555051
0.006410967092961073
0.0073398505337536335
0.008482076227664948
0.002980961697176099
0.0038770404644310474
0.0038163375575095415
0.0032719499431550503
0.0033466124441474676
0.0026019951328635216
0.0036278332117944956
0.0034598051570355892
0.0037125179078429937
0.0051123048178851604
0.0028581798542290926
0.002641259925439954
0.0029625447932630777
0.0027147061191499233
0.003156350227072835
0.005016572307795286
0.0046267081052064896
0.005663066636770964
0.004505228716880083
0.0048608030192554
0.003914191387593746
0.006373864598572254
0.004102895502001047
0.003715701401233673
0.004225578159093857
0.0021071606315672398
0.0023784665390849113
0.002142844721674919
0.0024224251974374056
0.0023481245152652264
0.001746173482388258
0.0019155133049935102
0.0022596227936446667
0.002647875342518091
0.0023204016033560038
0.0024108034558594227
0.005615794565528631
0.006244447082281113
0.006402982398867607
0.005472204182296991
0.0029384952504187822
0.00244723167270422
0.002010491443797946
0.00281907944008708
0.0020137750543653965
0.0024489955976605415
0.0028830361552536488
0.0023741526529192924
0.0031003558542579412
0.003886820049956441
0.008171780966222286
0.00839278381317854
0.007355432957410812
0.003939851652830839
0.0028749832417815924
0.003735035890713334
0.004004726652055979
0.0033871466293931007
0.0024195369333028793
0.0016218579839915037
0.0024760037194937468
0.0015816548839211464
0.0027700895443558693
0.0025168575812131166
0.0040808189660310745
0.004036048427224159
0.005227374844253063
0.004856700077652931
0.0034175848122686148
0.004447304178029299
0.0033955853432416916
0.003825214458629489
0.0038004510570317507
0.00382917164824903
0.0026559338439255953
0.002340808743610978
0.0013627206208184361
0.0032869812566787004
0.003127455012872815
0.0032997631933540106
0.004880155436694622
0.005244842730462551
0.004350203089416027
0.0029801952186971903
0.002140054479241371
0.0030425346922129393
0.0030953234527260065
0.0023056967183947563
0.001746585126966238
0.0038449580315500498
0.0029392053838819265
0.0023479564115405083
0.0025166217237710953
0.0032905731350183487
0.005353923421353102
0.008761916309595108
0.00860900804400444
0.006676958873867989
0.006515356246381998
0.002536952495574951
0.002307523274794221
0.0017257226863875985
0.001574552501551807
0.002015272155404091
0.001736723817884922
0.003565654857084155
0.0024979673326015472
0.0028429024387151003
0.003923132549971342
0.004112103022634983
0.004808038007467985
0.005709347315132618
0.0045930976048111916
0.0027874172665178776
0.0033001562114804983
0.0018673241138458252
0.0016377053689211607
0.0025679823011159897
0.003455895697697997
0.0056032282300293446
0.0030880486592650414
0.002890769625082612
0.0028364164754748344
0.0030110774096101522
0.0031853581313043833
0.0027511799708008766
0.0021725695114582777
0.0019262151326984167
0.002081887796521187
0.0013264864683151245
0.003719199914485216
0.003099579131230712
0.00389306852594018
0.00510644493624568
0.0059564136900007725
0.004522951785475016
0.0036516073159873486
0.003185732290148735
0.0029575005173683167
0.0018634067382663488
0.0027262666262686253
0.001656944747082889
0.0014323416398838162
0.0011726892553269863
0.0021558566950261593
0.0038084187544882298
0.006483830977231264
0.008862991817295551
0.006731568370014429
0.0032794412691146135
0.0030320400837808847
0.0031879141461104155
0.001890883781015873
0.0020338594913482666
0.0018332806648686528
0.002134158508852124
0.0018087653443217278
0.00210797437466681
0.004096500109881163
0.0049049137160182
0.010957028716802597
0.004933008924126625
0.004089025314897299
0.0028034397400915623
0.0023037150967866182
0.0020471669267863035
0.0016512454021722078
0.002730725100263953
0.002056174213066697
0.0017313591670244932
0.0023118150420486927
0.0032749550882726908
0.0048628803342580795
0.007557330187410116
0.00905305054038763
0.006649530492722988
0.0036421408876776695
0.0026099160313606262
0.0025047650560736656
0.0035452318843454123
0.002278394065797329
0.0020712611731141806
0.0016603003023192286
0.0018186435336247087
0.002661515260115266
0.0023046117275953293
0.0023965006694197655
0.005113417282700539
0.005290070082992315
0.004666013643145561
0.0038968848530203104
0.002428184961900115
0.0024655081797391176
0.0030741149093955755
0.0030937520787119865
0.0014054500497877598
0.002226342214271426
0.0018615773878991604
0.0019687742460519075
0.004085723776370287
0.005885609891265631
0.010717763565480709
0.004788672085851431
0.0012538040755316615
0.0024121785536408424
0.002220687922090292
0.003745916998013854
0.0033575627021491528
0.002587537979707122
0.0031800223514437675
0.0022806674242019653
0.00254330993629992
0.0030499324202537537
0.0037180506624281406
0.00410278607159853
0.0042244670912623405
0.0035635139793157578
0.002821888541802764
0.0031616762280464172
0.0020869907457381487
0.001896235509775579
0.0029159458354115486
0.002429558662697673
0.0024200514890253544
0.0027776341885328293
0.0053537036292254925
0.007235999219119549
0.008414044044911861
0.003840999212116003
0.0030312486924231052
0.002872810699045658
0.0031397633720189333
0.0025318542029708624
0.0017884010449051857
0.002005800837650895
0.0028653652407228947
0.0028821974992752075
0.002567943884059787
0.0022718291729688644
0.0031061728950589895
0.0033752191811800003
0.0032165057491511106
0.005587803199887276
0.0056750960648059845
0.004425987601280212
0.0030899050179868937
0.002837302628904581
0.0030164746567606926
0.004211592022329569
0.0024717366322875023
0.002523724688217044
0.0029102074913680553
0.003640182316303253
0.0032453439198434353
0.0026797077152878046
0.003801913931965828
0.0023718925658613443
0.0029114708304405212
0.0025429236702620983
0.003365353913977742
0.0041075535118579865
0.0032706197816878557
0.003473597811535001
0.002777539426460862
0.0025328665506094694
0.001521065947599709
0.0018548346124589443
0.0019426115322858095
0.001592719228938222
0.0024300399236381054
0.0036567042116075754
0.008228716440498829
0.008375554345548153
0.007099385838955641
0.004081529099494219
0.00204033637419343
0.0018120409222319722
0.002214220352470875
0.002352596027776599
0.002289052354171872
0.0029562346171587706
0.00202632462605834
0.0018414570949971676
0.001917791785672307
0.003148865420371294
0.005109948571771383
0.005146707873791456
0.0045422958210110664
0.0034492374397814274
0.002564396243542433
0.0026128205936402082
0.0019365140469744802
0.0031343826558440924
0.0025297256652265787
0.0031998539343476295
0.001994882710278034
0.002937696175649762
0.0019922428764402866
0.0022380375303328037
0.0017483533592894673
0.0015932235401123762
0.0015147194499149919
0.0014657208230346441
0.0024458556436002254
0.0031459967140108347
0.004048160742968321
0.005478881765156984
0.006324523128569126
0.004485480487346649
0.004684567451477051
0.003229202004149556
0.0018207216635346413
0.0021969652734696865
0.0022472976706922054
0.002212214982137084
0.002705077640712261
0.00396021269261837
0.005695623345673084
0.005403532180935144
0.00296140369027853
0.00209270091727376
0.00150728365406394
0.002247162628918886
0.00142421736381948
0.0022601033560931683
0.0019922603387385607
0.0024679359048604965
0.0021813903003931046
0.002042301231995225
0.0028394877444952726
0.008163044229149818
0.008207797072827816
0.003497459227219224
0.001994398655369878
0.001508037792518735
0.0016406028298661113
0.001604354241862893
0.0016730695497244596
0.002635621465742588
0.0016067968681454659
0.002223309827968478
0.002614431781694293
0.0069251819513738155
0.008421814069151878
0.006725572980940342
0.0035715242847800255
0.0031316287349909544
0.0026914114132523537
0.0033884597942233086
0.0026227214839309454
0.003039345843717456
0.0033525931648910046
0.002904277527704835
0.0022482231725007296
0.0032682663295418024
0.0031270626932382584
0.0017314940923824906
0.0028867190703749657
0.002572918776422739
0.002868506358936429
0.001656597014516592
0.002366362139582634
0.0037564504891633987
0.004902158863842487
0.005862351506948471
0.004578462801873684
0.002724193735048175
0.002080893609672785
0.002175095723941922
0.002084451261907816
0.0026825626846402884
0.0028118949849158525
0.0029571920167654753
0.00289631774649024
0.003220475045964122
0.004134791903197765
0.0036417192313820124
0.00479202950373292
0.004688336048275232
0.0024614857975393534
0.00207241321913898
0.0025252457708120346
0.0017836933257058263
0.0029492753092199564
0.002765560755506158
0.002241254784166813
0.0026913797482848167
0.002166185760870576
0.0030532137025147676
0.0032007121481001377
0.0027533534448593855
0.00362982926890254
0.0027425535954535007
0.001684042508713901
0.00176197977270931
0.0027101286686956882
0.0030045306775718927
0.005703034345060587
0.003308033337816596
0.0022811638191342354
0.002841674955561757
0.0035347158554941416
0.0028260634280741215
0.0028107818216085434
0.004188566002994776
0.005140653345733881
0.003846235340461135
0.0032301214523613453
0.002431698841974139
0.003068900667130947
0.003108855802565813
0.002957757096737623
0.0015924136387184262
0.0020385440438985825
0.0029652127996087074
0.002877849154174328
0.001804089522920549
0.0022209715098142624
0.0019099320052191615
0.001866304548457265
0.0034341332502663136
0.0038886917755007744
0.004860721528530121
0.002831630175933242
0.004250770900398493
0.0033384286798536777
0.00313668348826468
0.0020771482959389687
0.001743520493619144
0.0016595310298725963
0.0013766043120995164
0.0019240084802731872
0.0030478450935333967
0.0013044476509094238
0.001892292988486588
0.00333270407281816
0.005115526262670755
0.004896262194961309
0.004752607084810734
0.0036535654217004776
0.004437924362719059
0.004478590562939644
0.003697869833558798
0.0022114510647952557
0.0018359213136136532
0.002117050113156438
0.0017861154628917575
0.002411334775388241
0.0026217009872198105
0.003096572123467922
0.002624285174533725
0.0030212723650038242
0.005018781404942274
0.0035196475218981504
0.002223004586994648
0.0015695745823904872
0.0015983734047040343
0.002076950389891863
0.002209491329267621
0.002525256248190999
0.002273107413202524
0.001882994663901627
0.002249037381261587
0.0019337162375450134
0.0025519186165183783
0.0037127030082046986
0.003821761580184102
0.003759414190426469
0.004427587613463402
0.0055722640827298164
0.002239817753434181
0.002210231265053153
0.002243493450805545
0.0034151962026953697
0.002670867368578911
0.003424211172387004
0.006865422707051039
0.006568883545696735
0.003673902479931712
0.002219026442617178
0.001832135603763163
0.0021061054430902004
0.0015584694920107722
0.0015214947052299976
0.001602889853529632
0.001515045645646751
0.0017964125145226717
0.003039551666006446
0.003873988753184676
0.00606931559741497
0.0035038453061133623
0.0034030145034193993
0.0020303227938711643
0.002951360074803233
0.004302672576159239
0.0032507390715181828
0.002720077056437731
0.003189839655533433
0.0038162521086633205
0.002839520573616028
0.0020593097433447838
0.001628873753361404
0.0027149927336722612
0.0026671767700463533
0.00171958957798779
0.001525007770396769
0.0017294054850935936
0.0021023056469857693
0.0028384202159941196
0.0029962242115288973
0.003912869840860367
0.003526506945490837
0.0022609045263379812
0.0019712590146809816
0.0020601360592991114
0.0023405959364026785
0.0019047808600589633
0.003944346681237221
0.0028009868692606688
0.004244280979037285
0.0036563826724886894
0.002277876017615199
0.0020732388366013765
0.002253808779641986
0.0030064538586884737
0.002640936290845275
0.0024654713924974203
0.0032412451691925526
0.005222508683800697
0.0052997637540102005
0.005439341068267822
0.004701018333435059
0.0031614541076123714
0.001540736760944128
0.0012900070287287235
0.0015385571168735623
0.0014933699276298285
0.0013354131951928139
0.0017650277586653829
0.001977240201085806
0.001307546510361135
0.0014282038901001215
0.0015005609020590782
0.0013271417701616883
0.0012967485236003995
0.0023204698227345943
0.00209696963429451
0.0026276332791894674
0.007382622919976711
0.007216762285679579
0.003915468230843544
0.0022803451865911484
0.0009859319543465972
0.001396787934936583
0.0022655020002275705
0.0026975679211318493
0.002616579644382
0.0013497520703822374
0.002136907074600458
0.0017031552270054817
0.002388243330642581
0.004636095371097326
0.005883314646780491
0.007493253331631422
0.00420792680233717
0.0024586550425738096
0.0020256200805306435
0.0012518242001533508
0.002315341494977474
0.0017112750792875886
0.0011764782248064876
0.0013942369259893894
0.0017464729025959969
0.001222454127855599
0.001968654803931713
0.0015546231297776103
0.0015529877273365855
0.0022014500573277473
0.002060543978586793
0.0027632401324808598
0.005397581495344639
0.00741634052246809
0.003994358703494072
0.0022089960984885693
0.0015462565934285522
0.002393098780885339
0.0017374648014083505
0.0016605360433459282
0.0011884636478498578
0.0012476183474063873
0.0018269073916599154
0.0009804111905395985
0.0020287903025746346
0.001525845262221992
0.0016332108061760664
0.002238460350781679
0.0016438565216958523
0.002105749910697341
0.003037301590666175
0.004216685891151428
0.006617732811719179
0.009121064096689224
0.00454682344570756
0.001608586055226624
0.0015573957934975624
0.0017514395294710994
0.0015030094655230641
0.002582994755357504
0.003009202890098095
0.004887293092906475
0.0032673433888703585
0.0014881654642522335
0.0017883672844618559
0.002400798024609685
0.0020312415435910225
0.0015760654350742698
0.001662208465859294
0.001369980862364173
0.0012540736934170127
0.0016231888439506292
0.0014329840196296573
0.002292557153850794
0.0034406310878694057
0.005875175818800926
