1.0390719175338745
0.8989802002906799
0.8082373142242432
0.5940680503845215
0.6498309373855591
0.6454709768295288
0.6010212898254395
0.5210556983947754
0.46252623200416565
0.38364169001579285
0.29099535942077637
0.30975911021232605
0.3729323446750641
0.31451502442359924
0.17454223334789276
0.2186829149723053
0.24040013551712036
0.1574600636959076
0.1875547170639038
0.16045837104320526
0.1747913956642151
0.1380237489938736
0.18843384087085724
0.11246833950281143
0.16578760743141174
0.15647535026073456
0.17314712703227997
0.12141609191894531
0.12248171120882034
0.1223212406039238
0.09222378581762314
0.12765532732009888
0.13561943173408508
0.15135687589645386
0.08939933031797409
0.13736951351165771
0.15356507897377014
0.12845654785633087
0.15528100728988647
0.12925589084625244
0.11142818629741669
0.08792387694120407
0.14271536469459534
0.1048344150185585
0.12290671467781067
0.13598766922950745
0.11265958845615387
0.14538714289665222
0.10264039784669876
0.1195894256234169
0.0792699083685875
0.13077495992183685
0.09562108665704727
0.11610732227563858
0.09841994196176529
0.11719261109828949
0.1298075169324875
0.10454872250556946
0.1119871437549591
0.1191888079047203
0.1169709861278534
0.08863044530153275
0.09227137267589569
0.10575604438781738
0.10477285087108612
0.09218508750200272
0.08407263457775116
0.09377367794513702
0.14256449043750763
0.09160637110471725
0.08802255988121033
0.1006084531545639
0.12329639494419098
0.10321131348609924
0.09806493669748306
0.08764991909265518
0.09803453087806702
0.09193422645330429
0.08556856215000153
0.08355063199996948
0.07440827786922455
0.08451058715581894
0.06548132002353668
0.07526412606239319
0.060886334627866745
0.09219983965158463
0.07954223453998566
0.06374457478523254
0.06895741820335388
0.06135961040854454
0.05405843257904053
0.07916340976953506
0.0652727335691452
0.06777133047580719
0.06725122779607773
0.06806604564189911
0.060925260186195374
0.059895843267440796
0.10202833265066147
0.06260164082050323
0.04783216118812561
0.09008735418319702
0.05629345402121544
0.058373574167490005
0.05762798339128494
0.07165898382663727
0.053858768194913864
0.06475941091775894
0.040832020342350006
0.06082640960812569
0.048359524458646774
0.04140350967645645
0.04756936430931091
0.04496828094124794
0.035722337663173676
0.04710095748305321
0.03455130755901337
0.04114074632525444
0.039112966507673264
0.049791738390922546
0.04550262540578842
0.04445059224963188
0.034508172422647476
0.044447995722293854
0.03809933736920357
0.03974743187427521
0.04382007196545601
0.02822551317512989
0.031030697748064995
0.0296590905636549
0.038043320178985596
0.03525417670607567
0.037836089730262756
0.038491927087306976
0.029920361936092377
0.03557164594531059
0.035730015486478806
0.043321046978235245
0.04539268836379051
0.030226750299334526
0.025469066575169563
0.03205452859401703
0.027376670390367508
0.02967807836830616
0.02459777146577835
0.021918706595897675
0.02437545359134674
0.027792878448963165
0.022892797365784645
0.024412285536527634
0.03636753559112549
0.022339090704917908
0.02051067166030407
0.021081525832414627
0.018522432073950768
0.02410529926419258
0.01909547485411167
0.014892542734742165
0.02265835925936699
0.03476446121931076
0.024480672553181648
0.02555624395608902
0.017806677147746086
0.01463598757982254
0.01400260254740715
0.017708318307995796
0.011104172095656395
0.016024144366383553
0.015969861298799515
0.01631963811814785
0.015438838861882687
0.014949454925954342
0.013182208873331547
0.012773113325238228
0.012934811413288116
0.015251517295837402
0.014068040065467358
0.012634440325200558
0.01792377233505249
0.013443260453641415
0.009877451695501804
0.013978722505271435
0.015265537425875664
0.012252106331288815
0.014669198542833328
0.013490462675690651
0.012470906600356102
0.009873666800558567
0.008550787344574928
0.012925191782414913
0.010046516545116901
0.007971987128257751
0.007143101189285517
0.009104703553020954
0.006918652448803186
0.008415031246840954
0.01111544854938984
0.008201012387871742
0.012250810861587524
0.016358625143766403
0.014050557278096676
0.009464722126722336
0.006919515319168568
0.008248180150985718
0.005711431615054607
0.0064060320146381855
0.005512918811291456
0.007475976832211018
0.007146869320422411
0.009137050248682499
0.007272565737366676
0.0058835893869400024
0.005846213549375534
0.004905318841338158
0.007764885202050209
0.004268875811249018
0.005993152968585491
0.008026677183806896
0.008590043522417545
0.009511847980320454
0.008281031623482704
0.0069298166781663895
0.006189141422510147
0.0063378335908055305
0.004315010737627745
0.0058096325956285
0.004276498686522245
0.007301898207515478
0.005202712956815958
0.005252322647720575
0.0069645969197154045
0.0066751521080732346
0.0065962886437773705
0.006518952082842588
0.006734433118253946
0.004877399653196335
0.003868935164064169
0.0033006956800818443
0.005123502109199762
0.004556103143841028
0.005555236246436834
0.005005078390240669
0.0033714405726641417
0.004432269837707281
0.004977821838110685
0.0035209215711802244
0.007004331797361374
0.007062879391014576
0.008979234844446182
0.007505333051085472
0.004624937195330858
0.004669339396059513
0.0043826717883348465
0.006590954028069973
0.005809641908854246
0.0045766220428049564
0.004485826939344406
0.0030796099454164505
0.003917017485946417
0.0031213320326060057
0.005025961901992559
0.004047037102282047
0.004148019012063742
0.0038926987908780575
0.004562606103718281
0.0035917225759476423
0.007935420610010624
0.011365320533514023
0.011158274486660957
0.007673578802496195
0.0034182388335466385
0.003336732741445303
0.004875963553786278
0.005229620262980461
0.004200267605483532
0.0035224698949605227
0.004603478126227856
0.005736601538956165
0.004953224211931229
0.005042430013418198
0.002933899173513055
0.002826911862939596
0.002444695448502898
0.0028840505983680487
0.0038665791507810354
0.0037697157822549343
0.0035532705951482058
0.003033166751265526
0.002781082410365343
0.0021888483315706253
0.0032097636722028255
0.002986440435051918
0.0037622987292706966
0.0076094092801213264
0.013317899778485298
0.010601077228784561
0.0047227065078914165
0.0039015060756355524
0.0025545908138155937
0.0028298008255660534
0.0026839564088732004
0.004136658739298582
0.004397385288029909
0.004564183298498392
0.0038087971042841673
0.004587826319038868
0.0041004447266459465
0.003989619202911854
0.0053759072907269
0.006050557363778353
0.0038436204195022583
0.0031920168548822403
0.0036595677956938744
0.004556983709335327
0.004359224811196327
0.003667272860184312
0.0030181894544512033
0.0035316431894898415
0.004127307794988155
0.005111123900860548
0.005671552382409573
0.005524258129298687
0.00424700602889061
0.004051154479384422
0.0034246197901666164
0.004546938464045525
0.0032808310352265835
0.0024232633877545595
0.002904492663219571
0.0020801641512662172
0.005132181569933891
0.006837853230535984
0.007322336547076702
0.006012619938701391
0.006284128408879042
0.004986134357750416
0.0033879687543958426
0.003953414037823677
0.004454365000128746
0.0051195984706282616
0.006424902472645044
0.003025416750460863
0.002547252457588911
0.004864928312599659
0.007198791019618511
0.005465255584567785
0.004391586408019066
0.0038821371272206306
0.003182576037943363
0.003159922081977129
0.002396360272541642
0.002597315004095435
0.0031234687194228172
0.002966660540550947
0.004223593045026064
0.005311811342835426
0.007558988407254219
0.006762729492038488
0.006913966964930296
0.004051531199365854
0.0031497320160269737
0.0030925064347684383
0.0028159611392766237
0.003767372341826558
0.0035947493743151426
0.0033226921223104
0.0029812767170369625
0.005898583680391312
0.006470901425927877
0.005603258032351732
0.004076044540852308
0.0031649356242269278
0.00299404957331717
0.002742223208770156
0.0028125557582825422
0.0017147937323898077
0.002496901899576187
0.0020851364824920893
0.003829457564279437
0.0069140181876719
0.004721277393400669
0.004303682595491409
0.004863752983510494
0.005387645214796066
0.009616983123123646
0.0061077396385371685
0.004738779738545418
0.0032224582973867655
0.003342041280120611
0.0033779344521462917
0.004499958828091621
0.005266766529530287
0.00402933731675148
0.004606407135725021
0.003943627700209618
0.0031763412989676
0.003159585874527693
0.0034642103128135204
0.003494793549180031
0.0024190449621528387
0.0023302375338971615
0.003030086401849985
0.0020454449113458395
0.0033257114700973034
0.0016469195252284408
0.001781703787855804
0.0034153589513152838
0.0029565617442131042
0.004821652080863714
0.005761789157986641
0.00924791768193245
0.006976692005991936
0.005372104700654745
0.00529500050470233
0.004601141903549433
0.004477865528315306
0.0036359531804919243
0.0024918022099882364
0.0023071577306836843
0.0025708002503961325
0.0028268294408917427
0.0024033854715526104
0.0026375376619398594
0.0022338968701660633
0.0023798716720193624
0.002993655391037464
0.006059725768864155
0.006333299912512302
0.005429456010460854
0.0027128716465085745
0.00325932283885777
0.001877175527624786
0.0027357444632798433
0.003954211249947548
0.00506842415779829
0.006886710412800312
0.006507034879177809
0.005513560026884079
0.005125829949975014
0.0027940887957811356
0.0024941861629486084
0.0018117004074156284
0.0022474215365946293
0.0028075713198632
0.00220419536344707
0.0019523471128195524
0.002658191369846463
0.0021339913364499807
0.0035773986019194126
0.004957451019436121
0.004149811342358589
0.0038566989824175835
0.003344706492498517
0.005660179071128368
0.0062487768009305
0.00556049682199955
0.0021785686258226633
0.0020641698502004147
0.003528961446136236
0.0020314063876867294
0.0026995765510946512
0.002659374149516225
0.00292121060192585
0.0030030026100575924
0.0021182727068662643
0.002341541461646557
0.0020384243689477444
0.002239819150418043
0.0020144281443208456
0.003430815413594246
0.00366173405200243
0.006092330906540155
0.008320441469550133
0.007493109907954931
0.004430362954735756
0.0027406553272157907
0.002879184437915683
0.0029645345639437437
0.003866925137117505
0.004592537879943848
0.0033057057298719883
0.0028570243157446384
0.002286424394696951
0.002258388791233301
0.0014198623830452561
0.003063472453504801
0.0021670511923730373
0.0018077774439007044
0.0029889927245676517
0.0022876919247210026
0.003070959122851491
0.0064400178380310535
0.011552400887012482
0.006227476056665182
0.005001131910830736
0.002419307129457593
0.002322311047464609
0.0025419965386390686
0.00213824026286602
0.002493663690984249
0.003049826715141535
0.0018112660618498921
0.0026842779479920864
0.002425155369564891
0.0016726658213883638
0.0017915174830704927
0.0026873997412621975
0.0015380291733890772
0.0023599043488502502
0.0026059048250317574
0.003311318112537265
0.007506732363253832
0.013116741552948952
0.0073658786714077
0.003914682660251856
0.003514968091621995
0.0023492618929594755
0.0019948831759393215
0.002607837086543441
0.002323514549061656
0.0016386694042012095
0.002124492544680834
0.0015098084695637226
0.0016708396142348647
0.0020020732190459967
0.002647640649229288
0.003168925642967224
0.0028463967610150576
0.0024230109993368387
0.0026177549734711647
0.0022842923644930124
0.0032013775780797005
0.004437563940882683
0.004461624193936586
0.00464137876406312
0.004995081108063459
0.0060022431425750256
0.004041948821395636
0.0024244850501418114
0.0012707679998129606
0.002051893388852477
0.0018969908123835921
0.002013182733207941
0.002486100420355797
0.001441126805730164
0.0024574007838964462
0.002798709785565734
0.0036626700311899185
0.007197079714387655
0.010142982006072998
0.004366384353488684
0.002632544608786702
0.0023778032045811415
0.0025710812769830227
0.0029756242875009775
0.0026013762690126896
0.002742731012403965
0.0036936139222234488
0.003586479928344488
0.0029165586456656456
0.002502218121662736
0.002997401636093855
0.0030020158737897873
0.0033540776930749416
0.003728987881913781
0.004103688057512045
0.0066885920241475105
0.003523529740050435
0.003644607961177826
0.002978759352117777
0.0016873835120350122
0.002128221793100238
0.0019595613703131676
0.0023531150072813034
0.0018727477872744203
0.00305720092728734
0.0024029279593378305
0.0027429223991930485
0.0036447823513299227
0.0031186898704618216
0.003991361707448959
0.00381613802164793
0.004602514673024416
0.0036952588707208633
0.0027424029540270567
0.0017684100894257426
0.002186229918152094
0.0018564980709925294
0.0024435881059616804
0.0014033536426723003
0.0027308231219649315
0.004548937547951937
0.0076405955478549
0.00633123517036438
0.007404929958283901
0.004263336770236492
0.002306220820173621
0.0017093033529818058
0.0017837082268670201
0.0014121036510914564
0.0021549523808062077
0.00200104434043169
0.0022361930459737778
0.002629311988130212
0.00283712986856699
0.0029475765768438578
0.0024340003728866577
0.002880444750189781
0.0026530311442911625
0.002478657988831401
0.003711789147928357
0.004592481534928083
0.006190482527017593
0.006323609966784716
0.005207675043493509
0.0019430395914241672
0.0013778847642242908
0.001589586609043181
0.0021527218632400036
0.0021285931579768658
0.0015781158581376076
0.0016881756018847227
0.002046937122941017
0.0015091825043782592
0.0024303970858454704
0.0015094656264409423
0.0021018993575125933
0.005227114539593458
0.009398848749697208
0.008490748703479767
0.0051449136808514595
0.0036711213178932667
0.0024938129354268312
0.0023525459691882133
0.0020046092104166746
0.0015827214810997248
0.0020234326366335154
0.0022551333531737328
0.0030965604819357395
0.0025206408463418484
0.0022217980585992336
0.0028452568221837282
0.00365028390660882
0.0030304202809929848
0.0019167357822880149
0.0017816771287471056
0.0027202328201383352
0.0033723062369972467
0.00407986668869853
0.004097925033420324
0.003012770088389516
0.003013064619153738
0.002749021863564849
0.0030207771342247725
0.0018833134090527892
0.0022256537340581417
0.0022448382806032896
0.0025973599404096603
0.0033283017110079527
0.002184686018154025
0.0020517415832728148
0.002797032706439495
0.002933449111878872
0.0027932014781981707
0.0033675835002213717
0.003680622670799494
0.003571456763893366
0.002982107689604163
0.0024562019389122725
0.001953629544004798
0.00260295532643795
0.0023522896226495504
0.0029448107816278934
0.0022578237112611532
0.002112418180331588
0.0027670986019074917
0.003432698780670762
0.0028912120033055544
0.0014453161275014281
0.0009094438864849508
0.0012651465367525816
0.002109434688463807
0.0016299305716529489
0.0028071263805031776
0.006923468317836523
0.009462332352995872
0.0041484953835606575
0.0030938959680497646
0.0027383696287870407
0.0021867179311811924
0.0016613079933449626
0.0019051266135647893
0.0017723398050293326
0.0020100730471313
0.0017231745878234506
0.001298345159739256
0.002130036009475589
0.0016037669265642762
0.0022086238022893667
0.0016740247374400496
0.002005618065595627
0.00192502501886338
0.0021221658680588007
0.0038132404442876577
0.007092516403645277
0.006598875392228365
0.0032458663918077946
0.002255386672914028
0.0023018266074359417
0.001954055391252041
0.0018899217247962952
0.0021840976551175117
0.0019265806768089533
0.001697066123597324
0.002430211054161191
0.0027202037163078785
0.005964051466435194
0.007012061309069395
0.0031517422758042812
0.003529108129441738
0.002887338399887085
0.0030108147766441107
0.002554834820330143
0.0015896873082965612
0.0024360863026231527
0.0028516817837953568
0.0026816660538315773
0.0023272426333278418
0.001813158392906189
0.0011343912919983268
0.001609323313459754
0.001899053924717009
0.001278601004742086
0.0019510447746142745
0.002219273243099451
0.004486721009016037
0.008057351224124432
0.004613019991666079
0.00277745071798563
0.0026913934852927923
0.001902300864458084
0.00227962713688612
0.0019692133646458387
0.0017087874002754688
0.0016382993198931217
0.0017367028631269932
0.001087366370484233
0.001399366999976337
0.004058816935867071
0.007647106423974037
0.006213480141013861
0.002572835423052311
0.0019944647792726755
0.0020768074318766594
0.0017451783642172813
0.0017345621017739177
0.001895743771456182
0.002462328877300024
0.001638826448470354
0.0025806077755987644
0.003285084618255496
0.0028995336033403873
0.003160907421261072
0.003940006252378225
0.004644556902348995
0.0033144461922347546
0.0018601655028760433
0.0011863266117870808
0.0015792332123965025
0.0017424419056624174
0.0016204986022785306
0.00237612659111619
0.0030688061378896236
0.0036453118082135916
0.0027808714658021927
0.002883004490286112
0.0030109670478850603
0.0018895250977948308
0.0018625393277034163
0.0015924054896458983
0.0012954451376572251
0.0016183233819901943
0.0031638473737984896
0.004957623779773712
0.006839409936219454
0.006317615509033203
0.003414530074223876
0.0012585398508235812
0.0012712269090116024
0.0010786153143271804
0.0013265040470287204
0.001312657492235303
0.0012919977307319641
0.0013373735127970576
0.0018061959417536855
0.002616003155708313
0.0010117434430867434
0.0011310598347336054
0.002009024377912283
0.002836979692801833
0.004647425841540098
0.0051314616575837135
0.004068500827997923
0.0034623073879629374
0.002063383348286152
0.001282958430238068
0.001225902233272791
0.0014122175052762032
0.0010236386442556977
0.0012598616303876042
0.0014515183866024017
0.0018375638173893094
0.0009739537490531802
0.001778084086254239
0.0030498793348670006
0.004541849717497826
0.005161070730537176
0.0040680645033717155
0.002044656313955784
0.0017505742143839598
0.0018460344290360808
0.0025696977972984314
0.002957357792183757
0.0013254685327410698
0.001309507992118597
0.0013152732281014323
0.0012122555635869503
0.0010209386236965656
0.0015494758263230324
0.002009783638641238
0.003758771810680628
0.005730831064283848
0.0060893637128174305
0.003784320317208767
0.002521204762160778
0.0021630902774631977
0.0015741976676508784
0.0022370177321135998
0.0014327908866107464
0.002290330594405532
0.0035631032660603523
0.0035427731927484274
0.002273788908496499
0.0014924891293048859
0.002077820710837841
0.003549667540937662
0.0030929511412978172
0.002001664135605097
0.0017209446523338556
0.0011444599367678165
0.0011995763052254915
0.0011277699377387762
0.0017193583771586418
0.0018620402552187443
0.0019110407447442412
0.0033431444317102432
0.004373583476990461
0.004067450761795044
0.0036349487490952015
0.002538613975048065
0.0020012476015836
0.002172736916691065
0.00201772665604949
0.0025975981261581182
0.002308639930561185
0.001670909347012639
0.001538558746688068
0.0031755121890455484
0.002757556037977338
0.0019360141595825553
0.0017414779867976904
0.0019388934597373009
0.00225768587552011
0.002845834009349346
0.0022476057056337595
0.0024116570129990578
0.0014020150993019342
0.00211132038384676
0.0022216320503503084
0.001224081963300705
0.001202023820951581
0.0015169657999649644
0.001008841092698276
0.001253251451998949
0.0009531957912258804
0.0009840268176048994
0.0015461982693523169
0.0011343510122969747
0.0012648106785491109
0.002773014362901449
0.0059616174548864365
0.009949222207069397
0.006088509690016508
0.002825227566063404
0.001328169135376811
0.0012485410552471876
0.001104871742427349
0.0011359017807990313
0.0010374101111665368
0.0015487411292269826
0.0017754980362951756
0.001064360374584794
0.001571508590131998
0.002254342194646597
0.0029712533578276634
0.0029165190644562244
0.003554602852091193
0.004209273494780064
0.004471808206290007
0.0025527593679726124
0.0019902747590094805
0.0014498388627544045
0.0010243200231343508
0.0009717150824144483
0.0013353093527257442
0.0013612887123599648
0.0015011263312771916
0.0012034890241920948
0.0021716919727623463
0.004048946313560009
0.0044526513665914536
0.002923487452790141
0.001833924907259643
0.0012981576146557927
0.0012769099557772279
0.001328592887148261
0.0014548468170687556
0.0015191389247775078
0.0021821444388478994
0.002062300220131874
0.003382826456800103
0.0036553333047777414
0.002956787357106805
0.002321810694411397
0.0026625252794474363
0.0029288697987794876
0.002892207121476531
0.002157575450837612
0.0018131445394828916
0.002129967324435711
0.0027618086896836758
0.0026735346764326096
0.002171071246266365
0.0019093082519248128
0.0018738929647952318
0.00178030866663903
0.0023822032380849123
0.002496928907930851
0.002419333206489682
0.0023165284655988216
0.002527820412069559
0.0029604178853332996
0.0028233558405190706
0.002104436745867133
0.0016677858075127006
0.001986769028007984
0.002071368508040905
0.0019726576283574104
0.0017068064771592617
0.001751805073581636
0.00225444370880723
0.0031152390874922276
0.0024287994019687176
0.0017900154925882816
0.002035291865468025
0.0014976124512031674
0.0014358991757035255
0.0020377642940729856
0.0015882976585999131
0.0011258951853960752
0.0013019874459132552
0.001854742062278092
0.003683747723698616
0.005143134389072657
0.00425097718834877
0.002114970702677965
0.0018730529118329287
0.0011131431674584746
0.00116913509555161
0.002088930457830429
0.002214679727330804
0.0019524747040122747
0.0016929982230067253
0.002334992168471217
0.0025217621587216854
0.0017275660065934062
0.0020884398836642504
0.002922242507338524
0.004195839632302523
0.005469269119203091
0.005725361872464418
0.0028643105179071426
0.0020447520073503256
0.0021008902695029974
0.0012382330605760217
0.0010504667880013585
0.0011473990743979812
0.0012851448263972998
0.0015903300372883677
0.0014071505283936858
0.001574483816511929
0.0013146203709766269
0.00172299740370363
0.0018073549726977944
0.0018893048400059342
0.0024433457292616367
0.0032755224965512753
0.0036852986086159945
0.0029677015263587236
0.0029646726325154305
0.0028302937280386686
0.0017129862681031227
0.0022572195157408714
0.000957563694100827
0.001121710054576397
0.0008709917892701924
0.0013477036263793707
0.00143149693030864
0.001063281437382102
0.0013650059700012207
0.0018738576909527183
0.003314281115308404
0.0033799530938267708
0.0035844016820192337
0.0047476934269070625
0.003403659211471677
0.000975623435806483
0.0010185440769419074
0.0016402268083766103
0.0009652058943174779
0.0006937280995771289
0.001270232372917235
0.0009155497536994517
0.0010636429069563746
0.0013102148659527302
0.0022081981878727674
0.003718815976753831
0.004186486359685659
0.0036910695489495993
0.004355770535767078
0.002503657713532448
0.0014674558769911528
0.0014046792639419436
0.0015505769988521934
0.001375428750179708
0.0014527031453326344
0.0009032472735270858
0.0010471041314303875
0.0010727489134296775
0.0015401882119476795
0.0024907367769628763
0.0037581752985715866
0.004343362990766764
0.00445017172023654
0.0031405428890138865
0.00200509000569582
0.0014304326614364982
0.0012777330121025443
0.0010777125135064125
0.0011682665208354592
0.0015210263663902879
0.001994939986616373
0.0021901961881667376
0.0031132460571825504
0.0023773894645273685
0.0022678691893815994
0.002598806284368038
0.0020100935362279415
0.0015018974663689733
0.0010036538587883115
0.0007647117017768323
0.0011244736379012465
0.0017953317146748304
0.0032201579306274652
0.003687207354232669
0.0038294601254165173
0.004083716776221991
0.004242912400513887
0.0023841271176934242
0.001116998610086739
0.0008129648631438613
0.0010635050712153316
0.0009929001098498702
0.0010228488827124238
0.0022054174914956093
0.0025003596674650908
0.0030846544541418552
0.002197881927713752
0.001779824960976839
0.0009172230493277311
0.0006542368791997433
0.0011060123797506094
0.0011219088919460773
0.0011498265666887164
0.0019509772537276149
0.0029212888330221176
0.0026544148568063974
0.003354808082804084
0.001984313130378723
0.0016961167566478252
0.0017378329066559672
0.0012999257305637002
0.0013407935621216893
0.0010479178745299578
0.0008053716155700386
0.001298126531764865
0.001202633255161345
0.0013315316755324602
0.0017612646333873272
0.0031412970274686813
0.004790533799678087
0.00483695650473237
0.00214808015152812
0.0024190836120396852
0.0017635179683566093
0.0010826799552887678
0.001153505058027804
0.001009044935926795
0.0010513442102819681
0.0011206407798454165
0.000933065777644515
0.001063647447153926
0.0009213454322889447
0.0010108918650075793
0.0015067316126078367
0.0028291610069572926
0.005993406288325787
0.005749241914600134
0.0023390359710901976
0.001611485960893333
0.0013113999739289284
0.0008423732360824943
0.0010345450136810541
0.0005566917825490236
0.0007715863175690174
0.0009228002745658159
0.0008338732877746224
0.0009141658083535731
0.000677594100125134
0.0009457234991714358
0.0018560237949714065
0.0028386127669364214
0.00692162849009037
0.004527529701590538
0.0017861954402178526
0.0012278299545869231
0.0010715742828324437
0.001091758138500154
0.0009537879377603531
0.0006376775563694537
0.000906722096260637
0.0014914515195414424
0.002036008518189192
0.0029723518528044224
0.004954255651682615
0.0030241471249610186
0.001695202779956162
0.0015608395915478468
0.0013252102071419358
0.0014913743361830711
0.0010007669916376472
0.0007653794600628316
0.000692953122779727
0.000630720576737076
0.0009917955612763762
0.0008225420024245977
0.0012952253455296159
0.002557569183409214
0.0044257016852498055
0.006423423998057842
0.0038656210526823997
0.0033691737335175276
0.002025792608037591
0.001496091135777533
0.001426122384145856
0.0012740609236061573
0.0015697000781074166
0.0016866083024069667
0.0018829528708010912
0.0015246745897457004
0.0013359024887904525
0.001208338886499405
0.0008584018796682358
0.001234602415934205
0.0008899393142201006
0.0007043953519314528
0.0010110553121194243
0.0007732248050160706
0.0013117234921082854
0.003885650308802724
0.005615281872451305
0.004077548161149025
0.0027752453461289406
0.0015944609185680747
0.0017290327232331038
0.0012161345221102238
0.001062120427377522
0.0009396215318702161
0.0009791862685233355
0.0009110726532526314
0.0005901756812818348
0.0008007518481463194
0.0007717558764852583
0.0008939743274822831
0.0012668701820075512
0.0025607445277273655
0.0030794283375144005
0.0036926819011569023
0.002748270519077778
0.003804599866271019
0.0029376226011663675
0.003166970331221819
0.0018931831000372767
0.0015779478708282113
0.0012425776803866029
0.0011652245884761214
0.00138475326821208
0.0018722856184467673
0.0017822383670136333
0.0013659833930432796
0.0008166554616764188
0.0006722385296598077
0.0007094043539837003
0.0006791509804315865
0.0005805768887512386
0.0006894583930261433
0.001138128456659615
0.0017259524902328849
0.003160385414958
0.003983277827501297
0.0034496295265853405
0.0014640593435615301
0.001224749255925417
0.0018513433169573545
0.00098801264539361
0.0012513836845755577
0.0010378188453614712
0.0007920681964606047
0.0011418127687647939
0.0016233387868851423
0.0017690332606434822
0.0019381273305043578
0.0028033663984388113
0.0025525283999741077
0.003062081290408969
0.0029824133962392807
0.0026905029080808163
0.0018504161853343248
0.0016868355451151729
0.0014905533753335476
0.0014859996736049652
0.0015508627984672785
0.0012395002413541079
0.0015302649699151516
0.0013977691996842623
0.001582631142809987
0.0027408981695771217
0.003927446436136961
0.003811827627941966
0.002806156175211072
0.002479508286342025
0.0015810579061508179
0.0014539920957759023
0.001298998948186636
0.001053977757692337
0.0009698239737190306
0.0008218252914957702
0.0008359114872291684
0.000771442661061883
0.0009473139070905745
0.0009574001305736601
0.0013087074039503932
0.00231571844778955
0.0023766146041452885
0.0026358645409345627
0.0028532783035188913
0.0032338332384824753
0.0031278806272894144
0.0026384079828858376
0.002032291842624545
0.0027331451419740915
0.0022385113406926394
0.0015064652543514967
0.0007537352503277361
0.0007709710043855011
0.0007383791380561888
0.0008668284281156957
0.0014099541585892439
0.0018371434416621923
0.003039884613826871
0.0026627564802765846
0.0024993373081088066
0.0028788086492568254
0.0020979479886591434
0.001545689650811255
0.0011842198437079787
0.0008741351775825024
0.000989750144071877
0.0009503054898232222
0.000686604471411556
0.001026409910991788
0.0009437241242267191
0.0009011410875245929
0.0010046527022495866
0.0008831188315525651
0.0008820731891319156
0.0012731051538139582
0.0028649442829191685
0.006270123645663261
0.007247679401189089
0.0033335709013044834
0.0013725986937060952
0.0010674839140847325
0.0008372932788915932
0.0008901144610717893
0.0008765880484133959
0.0008339890628121793
0.0009198078769259155
0.0009433103841729462
0.001054200460202992
0.0012984812492504716
0.001420073676854372
0.0012263479875400662
0.002281506545841694
0.002879783743992448
0.004050370305776596
0.004146739840507507
0.0026169707998633385
0.001723768305964768
0.0013658719835802913
0.0013336631236597896
0.0010915884049609303
0.0012025575852021575
0.0011513676727190614
0.0007489589042961597
0.0010805386118590832
0.0009575875592418015
0.0006906838971190155
0.0006666178815066814
0.0005364185781218112
0.0006649986025877297
0.0006987128290347755
0.0010806977516040206
0.0008600064320489764
0.0011370566207915545
0.0012549624079838395
0.0034829198848456144
0.008293026126921177
0.003807690227404237
0.0020043677650392056
0.0017767563695088029
0.0009709357982501388
0.0009179658372886479
0.000765447155572474
0.0007103279349394143
0.0005561547004617751
0.0010381829924881458
0.0008919767569750547
0.0012071001110598445
0.0015160372713580728
0.003977602813392878
0.004423468839377165
0.00442648958414793
0.0028068453539162874
0.001576939132064581
0.0009310590685345232
0.0006080250605009496
0.000735724635887891
0.0007398247253149748
0.0005733745056204498
0.0008083513239398599
0.0007001209887675941
0.0011490366887301207
0.0017808679258450866
0.003050551749765873
0.003965199459344149
0.0029587179888039827
0.0015556333819404244
0.001176520250737667
0.0006884416216053069
0.0008622311288490891
0.0007534564938396215
0.0008012887556105852
0.0009866910986602306
0.0011470441240817308
0.0014636878622695804
0.0020553257782012224
0.0017059632809832692
0.002140316879376769
0.0020016625057905912
0.0015237417537719011
0.001634922344237566
0.0023924983106553555
0.0026018484495580196
0.0022249522153288126
0.0010799415176734328
0.000502315757330507
0.0010637152008712292
0.0011352036381140351
0.001297446433454752
0.002041611121967435
0.003250476438552141
0.004182296805083752
0.004105659667402506
0.0025405853521078825
0.0021644223015755415
0.0016301629366353154
0.0011783145600929856
0.0006630872376263142
0.0007733250386081636
0.000831321463920176
0.0013212892226874828
0.0016014755237847567
0.002014240948483348
0.0014258825685828924
0.0017562091816216707
0.0020513134077191353
0.0020711643155664206
0.00227666599676013
0.001603002194315195
0.001870216685347259
0.0016160177765414119
0.00231562159024179
0.0010291640646755695
0.0008247574442066252
0.0009454698883928359
0.0015143874334171414
0.0013642848934978247
0.0013442346826195717
0.0020180342253297567
0.002691867994144559
0.002340500010177493
0.0015272278105840087
0.0009819903643801808
0.0016053580911830068
0.0014250508975237608
0.00119982089381665
0.001216490170918405
0.0013992254389449954
0.001577602350153029
0.0022206446155905724
0.0023330473341047764
0.002311602933332324
0.0011297129094600677
0.000964743725489825
0.0016761779552325606
0.0020134528167545795
0.0018541247118264437
0.0019457531161606312
0.0013378220610320568
0.0022744247689843178
0.0019221184775233269
0.0015690199797973037
0.0012360895052552223
0.0009450382203795016
0.0007442719652317464
0.0006269205478020012
0.0007298348937183619
0.0004838085442315787
0.0008010378223843873
0.0009396058158017695
0.00127611611969769
0.0017859726212918758
0.0038979887031018734
0.004529948811978102
0.0029797509778290987
0.0018417197279632092
0.0016113922465592623
0.0013033152790740132
0.001835264847613871
0.002523390343412757
0.002659766934812069
0.0017581379506736994
0.0020616455003619194
0.0017846121918410063
0.0016393109690397978
0.0011866070562973619
0.001124622649513185
0.0005905163125135005
0.0008459234377369285
0.0004886307870037854
0.0008627287461422384
0.001170387607999146
0.0017910365713760257
0.0035685161128640175
0.003875534515827894
0.0027794090565294027
0.0022463886998593807
0.0015270293224602938
0.0010683094151318073
0.0013072718866169453
0.001709730364382267
0.0015825994778424501
0.00219728727824986
0.0010884194634854794
0.0008885379647836089
0.001003665616735816
0.0009986012009903789
0.0008653640979900956
0.0012293742038309574
0.0027092271484434605
0.003402543254196644
0.0022327257320284843
0.0015527168288826942
0.0013599232770502567
0.0013437420129776
0.0013032210990786552
0.0011469603050500154
0.001003352808766067
0.0012790597975254059
0.0017495303181931376
0.0022074757143855095
0.002521407324820757
0.0032763993367552757
0.0021099227014929056
0.0015354490606114268
0.000990393222309649
0.0010938976192846894
0.000991606735624373
0.0008979685371741652
0.001150377094745636
0.0014018340734764934
0.0022792229428887367
0.0035664259921759367
0.002943462925031781
0.0028108020778745413
0.0020719647873193026
0.0013076968025416136
0.0012197965988889337
0.0010207589948549867
0.001430037198588252
0.0016375832492485642
0.0014732894487679005
0.0015380739932879806
0.0017082520062103868
0.0014578839763998985
0.0014613966923207045
0.0013851358089596033
0.0012122660409659147
0.0010810198727995157
0.0008186918566934764
0.001029572682455182
0.0009892006637528539
0.0015272089513018727
0.0014700762694701552
0.0014602495357394218
0.0015275862533599138
0.002642866689711809
0.004084789659827948
0.003836422460153699
0.0018558439332991838
0.0013699993724003434
0.0011133262887597084
0.0006834236555732787
0.0007242193096317351
0.0005144588649272919
0.000952361908275634
0.0009147138334810734
0.0009836794342845678
0.0009865188039839268
0.000963512051384896
0.001562390592880547
0.0032596152741461992
0.005376466549932957
0.002261647954583168
0.0010377090657129884
0.0009601183119229972
0.001332631683908403
0.0014934821520000696
0.0008765590027906001
0.000671896617859602
0.0006164680235087872
0.0006272119353525341
0.0010216194204986095
0.000514209212269634
0.0007735615945421159
0.0006638142513111234
0.0009173609432764351
0.0008997844997793436
0.0010304838651791215
0.0020522482227534056
0.0037221545353531837
0.0055379257537424564
0.003016705857589841
0.0017743168864399195
0.0010683841537684202
0.0008995083044283092
0.0007374851265922189
0.0005596927367150784
0.000810959201771766
0.0005875100032426417
0.0005223039770498872
0.0006169832777231932
0.0005853008478879929
0.001014975132420659
0.0010898732580244541
0.001363141112960875
0.0019209067104384303
0.002549002878367901
0.0048172855749726295
0.002939007943496108
0.0016094270395115018
0.0011375966714695096
0.0008851520833559334
0.0008648276561871171
0.000698226853273809
0.00044791848631575704
0.0007244897424243391
0.0009945097845047712
0.001285199192352593
0.001077190856449306
0.0020580629352480173
0.0029634491074830294
0.004261407069861889
0.00312816328369081
0.002604664536193013
0.0011701586190611124
0.0006752286572009325
0.0005331977736204863
0.0005766154499724507
0.0008148262859322131
0.0005008802399970591
0.0007898175972513855
0.000947948545217514
0.0019749850034713745
0.0026120608672499657
0.0019306675530970097
0.0015792580088600516
0.0021348982118070126
0.0021972241811454296
0.0022928579710423946
0.0025049555115401745
0.002784620737656951
0.0015720130177214742
0.0009731054306030273
0.0009044220787473023
0.0018368139863014221
0.00156421959400177
0.0018852880457416177
0.0020661817397922277
0.0013330635847523808
0.001146883936598897
0.0007862870115786791
0.0005071021732874215
0.0006549773970618844
0.0004887729301117361
0.0005986411706544459
0.0006517739384435117
0.0007922911900095642
0.0015262088272720575
0.002278893953189254
0.0039048194885253906
0.00429519871249795
0.0032426142133772373
0.0013994306791573763
0.000923986139241606
0.001165744848549366
0.0011697603622451425
0.0008697682642377913
0.0006319358944892883
0.0005414007464423776
0.0006201181095093489
0.0006259575020521879
0.0008926151785999537
0.0009845733875408769
0.0022340158466249704
0.003275679424405098
0.0038501655217260122
0.0016794692492112517
0.0008256328874267638
0.0009392393403686583
0.0008940047700889409
0.0009009146597236395
0.0010506067192181945
0.0013891340931877494
0.0013429835671558976
0.0015534257981926203
0.0016840074677020311
0.001609819126315415
0.001954470993950963
0.0025204396806657314
0.002712252549827099
0.002502590185031295
0.001312745502218604
0.0005296195158734918
0.000478756963275373
0.0004843216447625309
0.0005188406794331968
0.000939024321269244
0.0005684730713255703
0.0007448715041391551
0.0006084989290684462
0.0008547548786737025
0.0006696928758174181
0.001025770790874958
0.002182123949751258
0.004050270188599825
0.003878485644236207
0.0031623607501387596
0.0022792674135416746
0.0007334098336286843
0.0009243355016224086
0.0005122154834680259
0.0007681198185309768
0.0005524829612113535
0.0006648186827078462
0.0007649172912351787
0.00057291763368994
0.0005106492899358273
0.0007195235812105238
0.001248105545528233
0.0021980658639222383
0.004485712386667728
0.0056844973005354404
0.004290726035833359
0.0017601066501811147
0.0010005393996834755
0.00048494088696315885
0.0006569776451215148
0.00047085023834370077
0.0007232707575894892
0.0006614241865463555
0.0003674881299957633
0.0004898853949271142
0.0005730402190238237
0.0005801430088467896
0.0006104388739913702
0.0006373098585754633
0.000821083493065089
0.0008786276448518038
0.0009182853391394019
0.0019413148984313011
0.0035544231068342924
0.005328956991434097
0.004012184217572212
0.0025791365187615156
0.0012568621896207333
0.0008825853583402932
0.0005498735699802637
0.0006932062678970397
0.0008625020273029804
0.0006225134711712599
0.0004215012595523149
0.0006832503713667393
0.0005673810956068337
0.0007057602633722126
0.001071023172698915
0.001372922328300774
0.0019146469421684742
0.003932635765522718
0.004120355471968651
0.0024214996956288815
0.001062505878508091
0.0006945468485355377
0.0008847010903991759
0.0008005882846191525
0.0006941613391973078
0.0009157255990430713
0.0010085025569424033
0.0010097046615555882
0.0013390593230724335
0.0030263811349868774
0.0033050519414246082
0.003436984959989786
0.0027867797762155533
0.0020550645422190428
0.0007936008041724563
0.0009387625614181161
0.0008818684727884829
0.0007760337903164327
0.0007544335094280541
0.0005333819426596165
0.000765979231800884
0.0006035775877535343
0.0005746500683017075
0.000762467214372009
0.0006099603488110006
0.0005372540326789021
0.0010081508662551641
0.001706089824438095
0.003332554129883647
0.006013482343405485
0.004592556972056627
0.0021781788673251867
0.0008538443362340331
0.0006379790138453245
0.0006334459758363664
0.00040256380452774465
0.000537873012945056
0.0007341047166846693
0.0006871450459584594
0.0006548892124556005
0.0007040519267320633
0.000839638349134475
0.0013480974594131112
0.002571212127804756
0.003162648994475603
0.0023940361570566893
0.002392473863437772
0.0020257409196347
0.00139450968708843
0.0009391504572704434
0.0005187203641980886
0.0005948829930275679
0.0005731137352995574
0.00037936889566481113
0.0005597221315838397
0.0005648580845445395
0.00041837056051008403
0.0006702619721181691
0.0007055040332488716
0.0012738602235913277
0.0022942679934203625
0.0028418374713510275
0.001987825147807598
0.0017987143946811557
0.0016636071959510446
0.0016883235657587647
0.000995674985460937
0.001019136980175972
0.001511993003077805
0.0018129338277503848
0.0020072725601494312
0.0013552126474678516
0.0012034373357892036
0.0012227768311277032
0.0013107467675581574
0.0016564908437430859
0.0019482155330479145
0.002244424307718873
0.001639647758565843
0.0015347064472734928
0.0016507734544575214
0.0009079650044441223
0.0005717407329939306
0.0008224722696468234
0.0006010048091411591
0.0006397670367732644
0.0008317053434439003
0.0008456268697045743
0.001335633685812354
0.0022968805860728025
0.0021500801667571068
0.0028200787492096424
0.0033059632405638695
0.002093835035338998
0.0008744321530684829
0.0012067666975781322
0.001242786063812673
0.0013280408456921577
0.0012661688961088657
0.0012235016329213977
0.0009701699018478394
0.0009793381905183196
0.0005953917861916125
0.0007261871360242367
0.0007127531571313739
0.001314543536864221
0.0012478503631427884
0.0006601274944841862
0.0006260350928641856
0.0010601197136566043
0.0018934265244752169
0.00300381937995553
0.0032608916517347097
0.0027093447279185057
0.001370804850012064
0.0014521718258038163
0.0014159472193568945
0.0010589916491881013
0.0006859537097625434
0.000555780774448067
0.0005762427463196218
0.0007470864802598953
0.0009263618849217892
0.0012008404592052102
0.001290939748287201
0.0018764148699119687
0.0025781767908483744
0.0031486707739531994
0.002173468703404069
0.0022969988640397787
0.0012774112401530147
0.0006994791328907013
0.0005027973093092442
0.00039933130028657615
0.0006425406318157911
0.0007332824170589447
0.000653979426715523
0.0007256423123180866
0.001551493420265615
0.0026616507675498724
0.0024482414592057467
0.0021401671692728996
0.0015871089417487383
0.0013658887473866343
0.0011590727372094989
0.00164267688523978
0.002006703056395054
0.0015622753417119384
0.0006593551952391863
0.0006088285008445382
0.0007576853968203068
0.000743041280657053
0.0004609485622495413
0.0005433129845187068
0.0007111615850590169
0.0008277627639472485
0.0014735006261616945
0.0038055842742323875
0.00240351352840662
0.0016698470572009683
0.0011617123382166028
0.0010194903006777167
0.0009801738196983933
0.0010303844464942813
0.0012228221166878939
0.001717792940326035
0.0013430763501673937
0.0008986059692688286
0.0007854450377635658
0.0007746051414869726
0.000656594755128026
0.0010987655259668827
0.0020042427349835634
0.0023056073114275932
0.002654450945556164
0.002459850860759616
0.0017391304718330503
0.001241941237822175
0.0012757466174662113
0.0005442402907647192
0.00047036344767548144
0.0004099739599041641
0.00043419841676950455
0.0005910578183829784
0.0011265001958236098
0.001347328769043088
0.0017405542312189937
0.0026209685020148754
0.0025534385349601507
0.0019365438492968678
0.0019855450373142958
0.001906463410705328
0.0013855539727956057
0.0007698000990785658
0.0005712681449949741
0.0008845177944749594
0.0008444241248071194
0.0008940790430642664
0.0012909393990412354
0.002024519955739379
0.0015952348476275802
0.0011650152737274766
0.001018374226987362
0.000948963628616184
0.001045439625158906
0.0007918785559013486
0.0008083333959802985
0.0009565262007527053
0.0008160278084687889
0.0013123364187777042
0.0018245300743728876
0.0027515441179275513
0.003626057179644704
0.0020303260535001755
0.001240915386006236
0.000693414534907788
0.001076290151104331
0.0011840861989185214
0.0014750192640349269
0.0008653963450342417
0.000801909773144871
0.0006344238645397127
0.0007173107005655766
0.0007521766237914562
0.0006307354778982699
0.0006941082538105547
0.0004915893659926951
0.00046710282913409173
0.0005885388236492872
0.000973373360466212
0.002065331442281604
0.004136563278734684
0.0046708364970982075
0.002052332740277052
0.0014377889456227422
0.001446784706786275
0.0009110074024647474
0.0009724862757138908
0.0009287151624448597
0.0009023651364259422
0.0008603717433288693
0.0009291275637224317
0.0009309526649303734
0.0006256188498809934
0.0009008048218674958
0.0011678128503262997
0.0011853176401928067
0.0012430460192263126
0.002002033405005932
0.0026985136792063713
0.0025106933899223804
0.0018852889770641923
0.0010043388465419412
0.0011374251917004585
0.0008568053599447012
0.000758440000936389
0.0010084649547934532
0.0014981328276917338
0.0018993900157511234
0.0024750910233706236
0.0019278877880424261
0.0014411455485969782
0.0012428053887560964
0.0009089256054721773
0.0007768554496578872
0.0006531418184749782
0.000560094544198364
0.0005895952344872057
0.0009160070330835879
0.0009828789625316858
0.0010077053448185325
0.0010668905451893806
0.0014457738725468516
0.002478528069332242
0.0033528918866068125
0.0031116020400077105
0.0027025637682527304
0.0014853867469355464
0.000905850378330797
0.0005573888192884624
0.0007528586429543793
0.0007698266999796033
0.0008504283614456654
0.0012588894460350275
0.0018074556719511747
0.00169493374414742
0.0013203712878748775
0.0010047926334664226
0.0006520477472804487
0.0006164980586618185
0.0004165602440480143
0.00040632503805682063
0.00041606969898566604
0.0005667903460562229
0.0006734993075951934
0.0018073518294841051
0.002609004033729434
0.002593420213088393
0.0014246688224375248
0.0008943697903305292
0.0011737406020984054
0.001449319999665022
0.0020490584429353476
0.0021637773606926203
0.0021127492655068636
0.0015647176187485456
0.0013026456581428647
0.001572769833728671
0.0012214099988341331
0.000943987222854048
0.0008963229483924806
0.000832906283903867
0.0007220122497528791
0.001062891911715269
0.0006871726945973933
0.0007433181745000184
0.000536846520844847
0.000967173371464014
0.0017936867661774158
0.002677265787497163
0.004158142022788525
0.003196904668584466
0.0007003718055784702
0.0004422240308485925
0.00030289925052784383
0.0005734737496823072
0.0007097359048202634
0.0007472374127246439
0.0005642682081088424
0.0007228750037029386
0.0008038336527533829
0.0009148198878392577
0.0017635178519412875
0.0028331500943750143
0.002813351107761264
0.001909348415210843
0.0010026756208389997
0.0005811969749629498
0.00052563042845577
0.0005497817182913423
0.0005799856735393405
0.0005590007058344781
0.00041823030915111303
0.00040505104698240757
0.00045002985280007124
0.0007832148112356663
0.0017529780743643641
0.0038770600222051144
0.0037665688432753086
0.001602330943569541
0.0007129994919523597
0.0008677823352627456
0.0009922175668179989
0.0010200844844803214
0.000902715022675693
0.001232996117323637
0.0010952026350423694
0.001127387396991253
0.0009737117798067629
0.00037339405389502645
0.0004880469059571624
0.0003980057663284242
0.0005928214523009956
0.0007050483836792409
0.001362512120977044
0.0023528707679361105
0.005243437364697456
0.003394180443137884
0.0018459138227626681
0.0011706299846991897
0.0010195306967943907
0.0005495522636920214
0.0003529382520355284
0.00038005784153938293
0.00044588028686121106
0.0002993773377966136
0.0003412253863643855
0.00031811653752811253
0.0005362433730624616
0.0007204849971458316
0.0016745089087635279
0.003038927912712097
0.0031079568434506655
0.0018421687418594956
0.0016422220505774021
0.0019155758200213313
0.0014527466846629977
0.0010697139659896493
0.0006823681178502738
0.0004495376779232174
0.0004992315662093461
0.0006590352859348059
0.0006856282707303762
0.001000874675810337
0.0020154931116849184
0.0025520524941384792
0.00233062612824142
0.0012080468004569411
0.0009405406308360398
0.0008399385842494667
0.0009650855790823698
0.0011053436901420355
0.0010101944208145142
0.0011075636139139533
0.0007104304968379438
0.0006196752074174583
0.0006291702156886458
0.0011376861948519945
0.001872864319011569
0.002897374564781785
0.0025288178585469723
0.0017470218008384109
0.0015605370281264186
0.0011183606693521142
0.0010862253839150071
0.0009595166775397956
0.0010512747103348374
0.0011960925767198205
0.0016215452924370766
0.001252290909178555
0.0007155775092542171
0.0005939880502410233
0.0005566099425777793
0.001644620904698968
0.0021887877956032753
0.001605333061888814
0.0012529022060334682
0.0014363931259140372
0.00133736920543015
0.0009921082528308034
0.0010443836217746139
0.001301339827477932
0.0011973392684012651
0.001048736390657723
0.0006301054381765425
0.00044669932685792446
0.0006318321102298796
0.0012997371377423406
0.0013331095688045025
0.0011860290542244911
0.0009280076483264565
0.0009147864766418934
0.0011765611125156283
0.0011268788948655128
0.000922175298910588
0.0007625495782122016
0.001048334059305489
0.0013530494179576635
0.00155626458581537
0.00201388425193727
0.0012036459520459175
0.0010419640457257628
0.0008997672121040523
0.0011232354445382953
0.0015290030278265476
0.0013979829382151365
0.0016143753891810775
0.0013749398058280349
0.0007596942596137524
0.0008038476225920022
0.0009710058802738786
0.001222988124936819
0.0007410289836116135
0.0006578447064384818
0.0007377850124612451
0.0010313899256289005
0.0017302636988461018
0.0020874927286058664
0.0013265027664601803
0.0010791573440656066
0.0009005705360323191
0.0009473070385865867
0.00101643952075392
0.0011999461567029357
0.0012914144899696112
0.001125546870753169
0.000990403234027326
0.0011130913626402617
0.0011709182290360332
0.0013271443312987685
0.0009784747380763292
0.0008145636529661715
0.0010673493379727006
0.0018631559796631336
0.0019587341230362654
0.0019924414809793234
0.001890685292892158
0.0016289129853248596
0.0009525753557682037
0.00046284840209409595
0.0004189476021565497
0.0005912393098697066
0.0009257805068045855
0.0015392819186672568
0.0019716101232916117
0.0015375125221908092
0.0010686888126656413
0.0013590242015197873
0.0015147526282817125
0.002056173514574766
0.0015628403052687645
0.0009473112295381725
0.0008191333618015051
0.0008152250084094703
0.0008814855827949941
0.0007821314502507448
0.0008381891530007124
0.0012192819267511368
0.0008779316558502614
0.0010726217878982425
0.0016315120737999678
0.0020155874080955982
0.002074289368465543
0.001875525456853211
0.0016346052289009094
0.0016438434831798077
0.0010245359735563397
0.00044608343159779906
0.0003287627478130162
0.0003921573515981436
0.00046020213630981743
0.0005226403009146452
0.0003757607191801071
0.0004713443049695343
0.0005576478433795273
0.00033747023553587496
0.0003522880142554641
0.00034155845060013235
0.0005932883359491825
0.0008751708082854748
0.0012892442755401134
0.00310601107776165
0.0036219421308487654
0.0020304271019995213
0.0018263052916154265
0.0015062144957482815
0.0015972325345501304
0.0007428096141666174
0.00054475775687024
0.00043864146573469043
0.0006883546593599021
0.00041153893107548356
0.0007635555230081081
0.0008572417427785695
0.0008162279264070094
0.0009938119910657406
0.0012609984260052443
0.0011578325647860765
0.0019172450993210077
0.0028374027460813522
0.002868404146283865
0.0013407315127551556
0.0009971855906769633
0.0010104399407282472
0.0008566051255911589
0.000484144693473354
0.0003842166916001588
0.00041763612534850836
0.0003858756390400231
0.00039881159318611026
0.00038384238723665476
0.00034716527443379164
0.0005121161811985075
0.0007860263576731086
0.0019875741563737392
0.00456163240596652
0.0035192682407796383
0.001173458294942975
0.0007289389031939209
0.0004581543034873903
0.0005016638315282762
0.00042825538548640907
0.00045710743870586157
0.0005131475045345724
0.0005278009339235723
0.0006434847600758076
0.0004956471966579556
0.0006379745900630951
0.000932704599108547
0.002316949889063835
0.00408295588567853
0.001917905523441732
0.0009368560276925564
0.0007809338858351111
0.0009026578045450151
0.0005796626210212708
0.0005022528930567205
0.0007571491878479719
0.0010308813070878386
0.0011400259099900723
0.0015955377602949739
0.0017209575744345784
0.00201044837012887
0.001866849372163415
0.0018963052425533533
0.0021177579183131456
0.0009259118814952672
0.00045368820428848267
0.0005322934594005346
0.0003738993837032467
0.0006021407316438854
0.0004143551632296294
0.00028540578205138445
0.0003003025776706636
0.00034487672382965684
0.00045228266390040517
0.0005061615374870598
0.00034632280585356057
0.0003384420706424862
0.0003016576520167291
0.0004789993108715862
0.0010327459312975407
0.003426874056458473
0.00476140296086669
0.002580693457275629
0.0015009400667622685
0.0008787587867118418
0.0009345622383989394
0.0006489235092885792
0.0007814155542291701
0.0006284598493948579
0.000474108150228858
0.0011097249807789922
0.0014356232713907957
0.00129827787168324
0.0016233104979619384
0.0010691618081182241
0.0012791188200935721
0.001669285586103797
0.0015045684995129704
0.0010754723334684968
0.0013671148335561156
0.0013695259112864733
0.0012083802139386535
0.0006113789277151227
0.000640678103081882
0.0007180228712968528
0.0006879051215946674
0.0008001252426765859
0.0006297824438661337
0.0006980011821724474
0.0010161015670746565
0.0011454622726887465
0.0016289788763970137
0.0019346894696354866
0.0019942563958466053
0.0019748806953430176
0.0015617981553077698
