1.3318496942520142
0.15801391005516052
0.17956912517547607
0.14551706612110138
0.12570489943027496
0.21998941898345947
0.169535294175148
0.21839159727096558
0.17370809614658356
0.1459367424249649
0.1677911877632141
0.2365151047706604
0.16105268895626068
0.12420841306447983
0.16082902252674103
0.23668554425239563
0.19100193679332733
0.209877610206604
0.10427511483430862
0.11719845980405807
0.16686925292015076
0.12272653728723526
0.13561947643756866
0.12400565296411514
0.19868335127830505
0.15692238509655
0.17087997496128082
0.1818382889032364
0.23489688336849213
0.23444746434688568
0.11545335501432419
0.10075771063566208
0.12916532158851624
0.1341596245765686
0.12081105262041092
0.15610188245773315
0.12087050080299377
0.13530200719833374
0.12299437820911407
0.19706867635250092
0.3226514756679535
0.20799635350704193
0.14466385543346405
0.12058337032794952
0.16468918323516846
0.14305143058300018
0.1650170534849167
0.10165749490261078
0.16222478449344635
0.21798725426197052
0.13820582628250122
0.13034015893936157
0.19651737809181213
0.17667655646800995
0.15103910863399506
0.14152726531028748
0.14023077487945557
0.1352810114622116
0.19029651582241058
0.2955177426338196
0.15304683148860931
0.09905912727117538
0.16984890401363373
0.09150831401348114
0.21184612810611725
0.15214499831199646
0.14022088050842285
0.11545287817716599
0.2138572633266449
0.1897975206375122
0.1542491763830185
0.18724212050437927
0.18752610683441162
0.08830823004245758
0.11662742495536804
0.15325598418712616
0.14706915616989136
0.12111904472112656
0.10600019246339798
0.11263234168291092
0.2015058398246765
0.17531035840511322
0.17685459554195404
0.14178600907325745
0.12817184627056122
0.17423886060714722
0.18856030702590942
0.13685691356658936
0.14776551723480225
0.1525830328464508
0.12639153003692627
0.16093549132347107
0.14485162496566772
0.15635257959365845
0.09744099527597427
0.12785881757736206
0.10717461258172989
0.1519458144903183
0.1247125044465065
0.12407562136650085
0.1350731998682022
0.15514127910137177
0.11160982400178909
0.2118905633687973
0.15304723381996155
0.12078296393156052
0.15731395781040192
0.15328818559646606
0.12335718423128128
0.11656249314546585
0.12082134187221527
0.12603309750556946
0.11719263345003128
0.10581476241350174
0.17044265568256378
0.14035600423812866
0.11779917031526566
0.11480577290058136
0.13881824910640717
0.1657646894454956
0.15638168156147003
0.18780730664730072
0.1638074517250061
0.16141952574253082
0.14769205451011658
0.11218658089637756
0.1511320024728775
0.1473436951637268
0.10078365355730057
0.12329339981079102
0.11079926788806915
0.16736339032649994
0.1798708289861679
0.11599626392126083
0.174663245677948
0.1383732408285141
0.12660552561283112
0.15962764620780945
0.08893381059169769
0.14437329769134521
0.11149755120277405
0.12661996483802795
0.12375514954328537
0.12984822690486908
0.14137393236160278
0.13588927686214447
0.1299738585948944
0.15642784535884857
0.15130716562271118
0.15509435534477234
0.20983771979808807
0.16029605269432068
0.17210277915000916
0.12247399240732193
0.09459162503480911
0.14445173740386963
0.1014944538474083
0.11468375474214554
0.14182037115097046
0.14572110772132874
0.13883571326732635
0.1385345757007599
0.13107749819755554
0.1419486552476883
0.15387427806854248
0.1426243782043457
0.12349451333284378
0.11820466071367264
0.1250055432319641
0.11756059527397156
0.11953377723693848
0.11061067879199982
0.11918555200099945
0.10515700280666351
0.11943557113409042
0.13731169700622559
0.12854012846946716
0.11571120470762253
0.15158188343048096
0.22287823259830475
0.2092326134443283
0.104794941842556
0.13202229142189026
0.09792125970125198
0.07842033356428146
0.09001653641462326
0.09472965449094772
0.10870155692100525
0.07464057952165604
0.10054141283035278
0.15355229377746582
0.16706834733486176
0.10210210084915161
0.1413237303495407
0.15611431002616882
0.11250482499599457
0.1279667764902115
0.1580103039741516
0.09967947006225586
0.1299971640110016
0.10695073008537292
0.1568482369184494
0.13338977098464966
0.13529787957668304
0.14570383727550507
0.14244280755519867
0.12697596848011017
0.09541265666484833
0.09744694828987122
0.10793710500001907
0.14227791130542755
0.1412360966205597
0.13182573020458221
0.09844478964805603
0.14368557929992676
0.11754152923822403
0.1427808403968811
0.15712641179561615
0.10454115271568298
0.14206905663013458
0.10156133025884628
0.10646384209394455
0.1081778034567833
0.12221049517393112
0.15448765456676483
0.1586276888847351
0.08609192818403244
0.12518064677715302
0.10562893003225327
0.1416836380958557
0.11602190881967545
0.13266205787658691
0.0981675237417221
0.12160202860832214
0.11034264415502548
0.10694831609725952
0.08634670078754425
0.14911101758480072
0.17344848811626434
0.05542097985744476
0.13412746787071228
0.11730020493268967
0.10723910480737686
0.14227797091007233
0.15119782090187073
0.11886078864336014
0.11047329008579254
0.12139058113098145
0.11414691805839539
0.121218241751194
0.09957554936408997
0.08194597065448761
0.09542816132307053
0.10118808597326279
0.0862492024898529
0.10249128937721252
0.12424114346504211
0.10773926973342896
0.12702621519565582
0.13355766236782074
0.09456468373537064
0.09961149096488953
0.13381759822368622
0.12654060125350952
0.15954822301864624
0.1382194310426712
0.10299686342477798
0.08350255340337753
0.12975099682807922
0.10396517068147659
0.13281692564487457
0.12504500150680542
0.09550614655017853
0.0699324831366539
0.10693219304084778
0.1196804940700531
0.1375037431716919
0.16067342460155487
0.12640376389026642
0.11928711831569672
0.12928159534931183
0.11495920270681381
0.14687900245189667
0.09453073143959045
0.08691076934337616
0.12543538212776184
0.08482104539871216
0.124315045773983
0.15452663600444794
0.10723191499710083
0.10292124003171921
0.09773281216621399
0.07624182850122452
0.0723796859383583
0.0806066021323204
0.10422065854072571
0.10630199313163757
0.08013807237148285
0.12763270735740662
0.13557855784893036
0.11874540150165558
0.11892333626747131
0.09952821582555771
0.08235546201467514
0.1309354156255722
0.11215384304523468
0.08484558761119843
0.07357653975486755
0.0805392637848854
0.07562018185853958
0.14155511558055878
0.10343044251203537
0.16109716892242432
0.15496504306793213
0.11527252197265625
0.1708305925130844
0.13201601803302765
0.11399002373218536
0.15301182866096497
0.1018889993429184
0.0840706154704094
0.09838969260454178
0.14374898374080658
0.11254541575908661
0.09120522439479828
0.10176145285367966
0.10255779325962067
0.07189511507749557
0.09368328005075455
0.09378065168857574
0.0896538570523262
0.09662174433469772
0.08079907298088074
0.07268296927213669
0.11523086577653885
0.11620166152715683
0.10875176638364792
0.09638281166553497
0.06691354513168335
0.10798157006502151
0.08609745651483536
0.09562596678733826
0.09507022053003311
0.08435153216123581
0.11824312061071396
0.0829814150929451
0.11312513053417206
0.1615842580795288
0.1428833156824112
0.08965437114238739
0.08012470602989197
0.12339093536138535
0.10158450156450272
0.10711083561182022
0.0888279527425766
0.09429188072681427
0.11825929582118988
0.10592383146286011
0.09139373898506165
0.09011616557836533
0.07861927151679993
0.09534233808517456
0.08237460255622864
0.08619903773069382
0.09377378225326538
0.071892149746418
0.10769779980182648
0.07245197147130966
0.0970587283372879
0.08888868987560272
0.09128829091787338
0.11493591219186783
0.1262923777103424
0.10286914557218552
0.10166645795106888
0.10543505847454071
0.11251790821552277
0.12059290707111359
0.09809748828411102
0.09115111082792282
0.08787835389375687
0.1081712618470192
0.12300977855920792
0.10902169346809387
0.10795171558856964
0.10419672727584839
0.08723504841327667
0.1014876738190651
0.08375393599271774
0.12916390597820282
0.09375142306089401
0.1008983626961708
0.10080596804618835
0.10307919234037399
0.1084568202495575
0.12480476498603821
0.08873967826366425
0.10206645727157593
0.0783793106675148
0.12287614494562149
0.10348010808229446
0.10652590543031693
0.09621119499206543
0.11258285492658615
0.0861019641160965
0.0977196991443634
0.09909309446811676
0.08744367957115173
0.1042153537273407
0.1388305127620697
0.11946218460798264
0.09448526054620743
0.12741373479366302
0.08090734481811523
0.07172492146492004
0.14398989081382751
0.10278815031051636
0.09815351665019989
0.07305918633937836
0.09854431450366974
0.08259954303503036
0.09997186809778214
0.07869696617126465
0.09377558529376984
0.07296278327703476
0.11715085804462433
0.09694712609052658
0.0724838450551033
0.0867394432425499
0.10619792342185974
0.10882388055324554
0.08428051322698593
0.09540241211652756
0.12413135170936584
0.10036870837211609
0.11272381991147995
0.10105960816144943
0.06996628642082214
0.0814991295337677
0.08151385933160782
0.09929575771093369
0.0831618681550026
0.07423798739910126
0.0882025808095932
0.09024988859891891
0.1070527657866478
0.06723740696907043
0.0879490077495575
0.09270438551902771
0.07590512931346893
0.09979100525379181
0.11418084800243378
0.12263216823339462
0.12122304737567902
0.07830798625946045
0.08521256595849991
0.11966868489980698
0.07164756208658218
0.10153631120920181
0.08402671664953232
0.07929310202598572
0.08939658850431442
0.09692154079675674
0.09964719414710999
0.0953461080789566
0.09572380036115646
0.14966945350170135
0.16798435151576996
0.11757776141166687
0.09088264405727386
0.08890261501073837
0.09354007989168167
0.08279121667146683
0.07024320960044861
0.07464167475700378
0.0969214141368866
0.09957634657621384
0.08747564256191254
0.09031359851360321
0.06578608602285385
0.06796493381261826
0.08309934288263321
0.08723215013742447
0.09005481749773026
0.09021291136741638
0.09154460579156876
0.09969289600849152
0.06830313801765442
0.12244568020105362
0.079312264919281
0.0654619038105011
0.08211781829595566
0.08376535773277283
0.08889386057853699
0.09293217957019806
0.07755538821220398
0.09256355464458466
0.07714731991291046
0.07384598255157471
0.11994684487581253
0.08845706284046173
0.06012489274144173
0.08363116532564163
0.1222357377409935
0.0969281941652298
0.0922432690858841
0.07544632256031036
0.07088982313871384
0.09717566519975662
0.0655001848936081
0.09167580306529999
0.09235856682062149
0.07983967661857605
0.09013853967189789
0.0752062201499939
0.08232273161411285
0.07517001032829285
0.09021198004484177
0.09631531685590744
0.06559383124113083
0.07291287183761597
0.09759156405925751
0.14549818634986877
0.06231267750263214
0.07414500415325165
0.07951592653989792
0.07456138730049133
0.0905180424451828
0.09665873646736145
0.11498560011386871
0.0757458508014679
0.07720840722322464
0.06446044147014618
0.08268104493618011
0.07478955388069153
0.08220165967941284
0.05961594730615616
0.08257889002561569
0.10420247912406921
0.12238505482673645
0.08440140634775162
0.07951273769140244
0.07148708403110504
0.10815157741308212
0.08009190857410431
0.07223239541053772
0.065198615193367
0.11092421412467957
0.08005079627037048
0.09304560720920563
0.07685539871454239
0.09535210579633713
0.08331691473722458
0.10029495507478714
0.06791762262582779
0.08105334639549255
0.08266466856002808
0.07182886451482773
0.07386436313390732
0.06296337395906448
0.0806470587849617
0.09488149732351303
0.08713755011558533
0.08871801197528839
0.06811032444238663
0.07454899698495865
0.08840376138687134
0.06273302435874939
0.08634039014577866
0.10079288482666016
0.0698012188076973
0.06163935363292694
0.07185395061969757
0.08617468923330307
0.07423584908246994
0.08369188010692596
0.11189018189907074
0.09057773649692535
0.08441036194562912
0.10104434937238693
0.09446212649345398
0.06614862382411957
0.08142059296369553
0.05625707283616066
0.08314934372901917
0.08434536308050156
0.10517620295286179
0.08850894868373871
0.0705992728471756
0.04841908812522888
0.06757745891809464
0.07189773768186569
0.07931596040725708
0.07246565073728561
0.07635090500116348
0.0743347704410553
0.09064552932977676
0.07208392024040222
0.07798808813095093
0.07761500775814056
0.0671762153506279
0.07680069655179977
0.0803561583161354
0.08747473359107971
0.08977662771940231
0.11573884636163712
0.0701918825507164
0.04859666898846626
0.09659590572118759
0.08947758376598358
0.10284119844436646
0.08341529220342636
0.04678843170404434
0.08620519936084747
0.10487236082553864
0.09001515060663223
0.06430935114622116
0.07719367742538452
0.08875608444213867
0.07865247130393982
0.07463303208351135
0.0734434649348259
0.09447837620973587
0.0939091145992279
0.09798520058393478
0.0842006579041481
0.0635153129696846
0.08306538313627243
0.07082200795412064
0.06346500664949417
0.08023928850889206
0.09387120604515076
0.09313325583934784
0.060324348509311676
0.07054474949836731
0.05043623968958855
0.08408322930335999
0.07387460023164749
0.08112511783838272
0.09530168771743774
0.06945311278104782
0.07029101252555847
0.06219969689846039
0.08396974205970764
0.05804001912474632
0.09498729556798935
0.07173772901296616
0.06845160573720932
0.06776249408721924
0.06256474554538727
0.09237930923700333
0.06984447687864304
0.0774853304028511
0.05852726474404335
0.06839314103126526
0.09778042882680893
0.07946977019309998
0.0721781998872757
0.0848713368177414
0.08241204917430878
0.07672464102506638
0.09600990265607834
0.07453066110610962
0.06429894268512726
0.0767299011349678
0.07639462500810623
0.051445771008729935
0.07534674555063248
0.07316707819700241
0.0968216136097908
0.05602344870567322
0.06260128319263458
0.07687819749116898
0.08809219300746918
0.059638090431690216
0.07572166621685028
0.07426901906728745
0.04619881138205528
0.0836104229092598
0.0985337421298027
0.09951663017272949
0.09520728141069412
0.0800168514251709
0.07093625515699387
0.07427336275577545
0.08286295086145401
0.0565304234623909
0.06593978404998779
0.06747902184724808
0.06823631376028061
0.05176656320691109
0.07008019089698792
0.06449870765209198
0.07132808864116669
0.0943467915058136
0.0607011541724205
0.07260652631521225
0.06125696748495102
0.07672426104545593
0.10090211778879166
0.09796649217605591
0.07368507981300354
0.05669979006052017
0.04994773864746094
0.06167424097657204
0.08376561105251312
0.06195984035730362
0.07914377003908157
0.07331676781177521
0.08048954606056213
0.07245607674121857
0.07371091097593307
0.06048668920993805
0.08129892498254776
0.0855686366558075
0.08297865092754364
0.09104683995246887
0.06295061856508255
0.058160293847322464
0.07057711482048035
0.07775367051362991
0.0659923106431961
0.076250821352005
0.06293472647666931
0.06683893501758575
0.06009172275662422
0.06651599705219269
0.12174738198518753
0.07604193687438965
0.06286288797855377
0.0622299462556839
0.06443489342927933
0.04677164554595947
0.07959681004285812
0.08583841472864151
0.0802953839302063
0.08102467656135559
0.08260421454906464
0.06889693439006805
0.06988229602575302
0.06630297750234604
0.046157337725162506
0.07230569422245026
0.07749728858470917
0.0612051784992218
0.06014038994908333
0.0652887150645256
0.0834580808877945
0.051566231995821
0.077339306473732
0.09854445606470108
0.06982545554637909
0.05343788489699364
0.0656435415148735
0.06230730563402176
0.0556316077709198
0.0520920604467392
0.06594330817461014
0.06781741976737976
0.05543358623981476
0.043714143335819244
0.08408699184656143
0.08092310279607773
0.07129945605993271
0.06578752398490906
0.07253938168287277
0.08921606093645096
0.09108561277389526
0.05865626409649849
0.0719989463686943
0.05758475884795189
0.05894000083208084
0.06983059644699097
0.06303194910287857
0.04318925738334656
0.0690169408917427
0.06296298652887344
0.05295296013355255
0.05844822898507118
0.06709526479244232
0.08223196864128113
0.0904402807354927
0.10439548641443253
0.0670090913772583
0.07757715880870819
0.048138316720724106
0.053579479455947876
0.04443475231528282
0.06839340925216675
0.05546623095870018
0.05886341258883476
0.046329740434885025
0.06685183942317963
0.06550676375627518
0.05832761898636818
0.07947830855846405
0.11046386510133743
0.1119762510061264
0.05681902915239334
0.0665893629193306
0.04007619991898537
0.06707442551851273
0.07378879934549332
0.04936051741242409
0.06355428695678711
0.06436914205551147
0.06320846825838089
0.0623786561191082
0.054605741053819656
0.04253188148140907
0.06648413836956024
0.04554492607712746
0.0794069766998291
0.07212688773870468
0.05445462092757225
0.045217230916023254
0.04721086844801903
0.06930576264858246
0.08015649765729904
0.04611998423933983
0.054139379411935806
0.04975224658846855
0.06847082823514938
0.0706445574760437
0.06803908199071884
0.06079188361763954
0.06367939710617065
0.08615332841873169
0.047416962683200836
0.04443064332008362
0.049679990857839584
0.06437977403402328
0.05558132752776146
0.054649196565151215
0.058573104441165924
0.08213339745998383
0.043387893587350845
0.05337179824709892
0.0640474408864975
0.03801140934228897
0.06027577444911003
0.04183070734143257
0.06467173248529434
0.046503182500600815
0.06104971840977669
0.05862726271152496
0.07860378921031952
0.08519936352968216
0.07253493368625641
0.04287007451057434
0.04754402115941048
0.05743993818759918
0.05438319593667984
0.05881723389029503
0.05204641446471214
0.0666874423623085
0.04362749680876732
0.060103002935647964
0.043419741094112396
0.03801536187529564
0.04534438997507095
0.059288617223501205
0.06594793498516083
0.06773848086595535
0.07184883952140808
0.055898696184158325
0.062462642788887024
0.0643005296587944
0.08770101517438889
0.05320151150226593
0.06617570668458939
0.0775848925113678
0.08567735552787781
0.056222401559352875
0.05613955110311508
0.06090288609266281
0.05993150174617767
0.051459334790706635
0.06998579204082489
0.03980835899710655
0.06407271325588226
0.052675966173410416
0.06181280314922333
0.06438891589641571
0.07461895048618317
0.045882392674684525
0.044497136026620865
0.05510378256440163
0.06232394278049469
0.035857606679201126
0.04313643276691437
0.06716523319482803
0.12543217837810516
0.09088344871997833
0.0876535028219223
0.09085112810134888
0.058352235704660416
0.05765983462333679
0.03832121193408966
0.04113379493355751
0.04583015292882919
0.06712117791175842
0.06141553819179535
0.04359729215502739
0.044855281710624695
0.03919422626495361
0.0564902201294899
0.03946205973625183
0.056126199662685394
0.05402619391679764
0.06735032796859741
0.05806596577167511
0.05548744648694992
0.05995648354291916
0.055178504437208176
0.04474930465221405
0.06710777431726456
0.08355039358139038
0.07022888958454132
0.04393285885453224
0.06616571545600891
0.061336249113082886
0.05473639816045761
0.042797528207302094
0.09049350023269653
0.057873573154211044
0.05775565281510353
0.04150378331542015
0.06146496906876564
0.04377230256795883
0.07546792924404144
0.053444620221853256
0.04352932423353195
0.04723510146141052
0.04786630719900131
0.0503801591694355
0.06882134824991226
0.06337539851665497
0.050159674137830734
0.06829313933849335
0.06614856421947479
0.05197261646389961
0.038083046674728394
0.03834487497806549
0.06702578812837601
0.05215218663215637
0.06391289830207825
0.0703750029206276
0.05269690603017807
0.04450274631381035
0.04565189406275749
0.048800889402627945
0.04335661232471466
0.055079393088817596
0.058166611939668655
0.05779951065778732
0.06600680947303772
0.078335240483284
0.07039294391870499
0.054144617170095444
0.04546906426548958
0.04143471270799637
0.04427376762032509
0.03586556017398834
0.030679501593112946
0.059879373759031296
0.07879700511693954
0.05484078824520111
0.04506576061248779
0.04627169296145439
0.06018693745136261
0.052316032350063324
0.044957756996154785
0.05064983665943146
0.0816262811422348
0.0452437698841095
0.042081549763679504
0.03331549093127251
0.04782535508275032
0.04637710750102997
0.045494601130485535
0.051073864102363586
0.05927261337637901
0.06550990045070648
0.05462440848350525
0.0636659637093544
0.056220050901174545
0.05297863483428955
0.04936884716153145
0.02746628224849701
0.050005946308374405
0.04755893722176552
0.034965671598911285
0.04538021981716156
0.043349046260118484
0.04562178626656532
0.042912017554044724
0.043402913957834244
0.05817854031920433
0.10651394724845886
0.06984354555606842
0.03748425841331482
0.0366472564637661
0.03203475847840309
0.04303472489118576
0.049314118921756744
0.05341293290257454
0.05961819738149643
0.04152371361851692
0.04017843306064606
0.047541990876197815
0.04188305884599686
0.03574524074792862
0.05674758926033974
0.08407804369926453
0.10567966103553772
0.07405770570039749
0.055067624896764755
0.053571876138448715
0.02836657129228115
0.06188799813389778
0.027843035757541656
0.033589981496334076
0.0426914244890213
0.050612181425094604
0.058867521584033966
0.04806016758084297
0.050928905606269836
0.06471819430589676
0.04216044023633003
0.054148271679878235
0.0452054962515831
0.05027218908071518
0.03204473480582237
0.04516240954399109
0.05397431552410126
0.038620274513959885
0.037191227078437805
0.03814733773469925
0.042769599705934525
0.14995436370372772
0.11174650490283966
0.04280605912208557
0.04527686536312103
0.046236418187618256
0.05117147043347359
0.04598420485854149
0.05379229411482811
0.032178714871406555
0.04766414687037468
0.051686931401491165
0.058356937021017075
0.030382243916392326
0.0462283194065094
0.0420399010181427
0.044211626052856445
0.043512921780347824
0.029334397986531258
0.042783964425325394
0.033966414630413055
0.045147061347961426
0.06064961850643158
0.06211083382368088
0.07177968323230743
0.049256615340709686
0.04313166067004204
0.04001321643590927
0.047421231865882874
0.04893932864069939
0.0619744174182415
0.045544832944869995
0.043029338121414185
0.04954899847507477
0.060545068234205246
0.033295854926109314
0.0387149341404438
0.04491497948765755
0.0471172034740448
0.048554759472608566
0.054847583174705505
0.07335355877876282
0.09794678539037704
0.07070180773735046
0.03828689455986023
0.02861241064965725
0.04715126380324364
0.06730087101459503
0.05666845664381981
0.040042370557785034
0.05258587747812271
0.03866676241159439
0.04104617238044739
0.03524788096547127
0.04143963009119034
0.03255574777722359
0.03828829154372215
0.042058106511831284
0.029440684244036674
0.04247157275676727
0.05452825501561165
0.05225910246372223
0.05012908950448036
0.07188164442777634
0.04093867912888527
0.04801942780613899
0.039832375943660736
0.050232358276844025
0.051048971712589264
0.04202766716480255
0.04534702003002167
0.03352222591638565
0.04238603264093399
0.03577902913093567
0.056428346782922745
0.053197674453258514
0.046167802065610886
0.0544012077152729
0.042795076966285706
0.041498903185129166
0.05008740723133087
0.07066336274147034
0.05218534544110298
0.037407286465168
0.04229354485869408
0.06330378353595734
0.03870303928852081
0.03531884774565697
0.036177534610033035
0.029394464567303658
0.03079504333436489
0.033557914197444916
0.05279190093278885
0.05586901679635048
0.049150384962558746
0.033676788210868835
0.023947684094309807
0.030110029503703117
0.0522242933511734
0.041556838899850845
0.06252551078796387
0.07290096580982208
0.050605226308107376
0.036457668989896774
0.03295255824923515
0.03481809422373772
0.04530579596757889
0.03293873369693756
0.04964311048388481
0.04359930008649826
0.03552819415926933
0.06421094387769699
0.0520746186375618
0.04725610092282295
0.04828711599111557
0.03512156009674072
0.053576499223709106
0.03596073016524315
0.03144035488367081
0.031057633459568024
0.028978519141674042
0.04101205989718437
0.033325646072626114
0.040944457054138184
0.04130760207772255
0.04849673807621002
0.03978241607546806
0.03840017691254616
0.05006380006670952
0.05883438140153885
0.06505090743303299
0.04637065529823303
0.062216464430093765
0.028900766745209694
0.02990405634045601
0.03297581523656845
0.05253676325082779
0.0369156114757061
0.025051455944776535
0.05220775678753853
0.03510035201907158
0.04036468639969826
0.03180335834622383
0.0338677279651165
0.03513003885746002
0.04389502480626106
0.05288201943039894
0.05131793022155762
0.05500539764761925
0.039142198860645294
0.05799814313650131
0.03507240116596222
0.026229355484247208
0.035457465797662735
0.03981933742761612
0.03177420422434807
0.0321887843310833
0.03560718894004822
0.02484859898686409
0.03726755455136299
0.049269162118434906
0.07142218947410583
0.0641355887055397
0.028704173862934113
0.033576417714357376
0.03180605545639992
0.03212929144501686
0.029621846973896027
0.03141363710165024
0.03322199732065201
0.028712358325719833
0.03304291144013405
0.033468667417764664
0.05756788328289986
0.04970036447048187
0.13895152509212494
0.06665663421154022
0.039235446602106094
0.031991977244615555
0.04135916754603386
0.04042576253414154
0.040662623941898346
0.02508215233683586
0.03969863802194595
0.030469877645373344
0.03543449565768242
0.028202591463923454
0.030172452330589294
0.029141901060938835
0.03924820199608803
0.040907226502895355
0.04657614231109619
0.03601175546646118
0.04840409383177757
0.038027483969926834
0.048289552330970764
0.05549405515193939
0.04496604576706886
0.03258006274700165
0.025513935834169388
0.04045456275343895
0.03411064296960831
0.027640650048851967
0.03407677635550499
0.04370748624205589
0.037422697991132736
0.03231181204319
0.04220955818891525
0.04071562737226486
0.03365792706608772
0.026589957997202873
0.034540094435214996
0.03481576219201088
0.03479565307497978
0.031036293134093285
0.04413711652159691
0.030320730060338974
0.03316655382514
0.018112370744347572
0.03114498220384121
0.03284923732280731
0.04084192216396332
0.029830506071448326
0.031233537942171097
0.024809187278151512
0.025890173390507698
0.03693246841430664
0.045362185686826706
0.03935534134507179
0.0358881950378418
0.03331691771745682
0.028005242347717285
0.03258724883198738
0.027241602540016174
0.03381328284740448
0.039103563874959946
0.04961269348859787
0.029788726940751076
0.03406238183379173
0.03838048502802849
0.04393715038895607
0.043232813477516174
0.034105800092220306
0.020403802394866943
0.03366687148809433
0.030062241479754448
0.04393543303012848
0.035222481936216354
0.03435138612985611
0.044842690229415894
0.03282332792878151
0.025156330317258835
0.030154533684253693
0.029012370854616165
0.03341841697692871
0.03573141247034073
0.04562268406152725
0.05824188143014908
0.044316936284303665
0.03642542287707329
0.0340450145304203
0.01954604685306549
0.02341839298605919
0.025460507720708847
0.024463629350066185
0.019717855378985405
0.014853160828351974
0.03318227455019951
0.042424269020557404
0.05971897765994072
0.030911097303032875
0.02760888822376728
0.03075740858912468
0.02719017304480076
0.030832162126898766
0.03159576281905174
0.029056968167424202
0.02384205162525177
0.028035461902618408
0.03110748715698719
0.026622772216796875
0.02744564600288868
0.021432962268590927
0.028058193624019623
0.02644909918308258
0.03644785284996033
0.04982639476656914
0.046886052936315536
0.030580131337046623
0.03158903121948242
0.037001658231019974
0.023943671956658363
0.0268886499106884
0.026337221264839172
0.018693039193749428
0.025143442675471306
0.021964900195598602
0.01957642287015915
0.03555252030491829
0.0470263734459877
0.056701019406318665
0.04374103248119354
0.06754940748214722
0.03595539927482605
0.028256691992282867
0.028085041791200638
0.017414696514606476
0.02684919163584709
0.01959860883653164
0.023704128339886665
0.03189791738986969
0.02027892880141735
0.02576122246682644
0.018490305170416832
0.01746162213385105
0.021091705188155174
0.031196795403957367
0.04266701638698578
0.04319961369037628
0.02139219455420971
0.023756518959999084
0.028374822810292244
0.025232665240764618
0.03149307891726494
0.05107441544532776
0.0366915799677372
0.023281104862689972
0.03241662681102753
0.03550843149423599
0.026815127581357956
0.03433816507458687
0.022289490327239037
0.03281469643115997
0.030178243294358253
0.030484700575470924
0.02664555236697197
0.029559509828686714
0.03886131942272186
0.029357336461544037
0.038928695023059845
0.045253023505210876
0.04295004904270172
0.027782797813415527
0.035985369235277176
0.028783217072486877
0.035896092653274536
0.03520976006984711
0.031850527971982956
0.02793041430413723
0.025989018380641937
0.028819909319281578
0.030561743304133415
0.016901561990380287
0.027442997321486473
0.03184443339705467
0.03055022470653057
0.0408724881708622
0.036648910492658615
0.028500843793153763
0.025476234033703804
0.02494232729077339
0.02349773235619068
0.031156234443187714
0.022413253784179688
0.019021568819880486
0.025356970727443695
0.024113142862915993
0.03415844589471817
0.03253898024559021
0.031907327473163605
0.028597557917237282
0.02267606556415558
0.038950130343437195
0.05571020022034645
0.05727194622159004
0.05873813480138779
0.04279778525233269
0.026242531836032867
0.031116968020796776
0.02680165320634842
0.02400267869234085
0.024458473548293114
0.021932534873485565
0.019707396626472473
0.025275476276874542
0.02204793691635132
0.013890384696424007
0.02549654059112072
0.03795815631747246
0.04328141361474991
0.030274484306573868
0.03994541987776756
0.025795338675379753
0.0230688638985157
0.037087343633174896
0.04883934557437897
0.035773757845163345
0.01812356896698475
0.026730002835392952
0.015424584038555622
0.021665366366505623
0.0157062616199255
0.023013414815068245
0.020515231415629387
0.020519034937024117
0.012635000050067902
0.029631536453962326
0.018966490402817726
0.022793807089328766
0.04284001886844635
0.03697632998228073
0.02633892558515072
0.017923977226018906
0.019549157470464706
0.02266095206141472
0.0156971774995327
0.012392139062285423
0.024599090218544006
0.013510102406144142
0.017518088221549988
0.027946563437581062
0.043921831995248795
0.031901177018880844
0.03516046330332756
0.021848365664482117
0.024055009707808495
0.021042369306087494
0.022947028279304504
0.03967931121587753
0.03462360426783562
0.0275056604295969
0.03091542236506939
0.02682584524154663
0.02168566733598709
0.015957260504364967
0.025397639721632004
0.025434253737330437
0.015967173501849174
0.017346350476145744
0.022126521915197372
0.016775675117969513
0.01656837947666645
0.025834929198026657
0.02747153304517269
0.029430072754621506
0.021797791123390198
0.025329861789941788
0.03914440795779228
0.0366683155298233
0.027494296431541443
0.01926487125456333
0.02052539587020874
0.024154869839549065
0.01945175975561142
0.039774976670742035
0.04116330295801163
0.03726620599627495
0.035701218992471695
0.03391807898879051
0.021050311625003815
0.019205546006560326
0.023818738758563995
0.018101118505001068
0.013434289954602718
0.015645291656255722
0.02056107483804226
0.023439740762114525
0.02250918373465538
0.02736245095729828
0.0213260930031538
0.02007284387946129
0.02230112813413143
0.02085091546177864
0.0267172958701849
0.03353129327297211
0.04166160896420479
0.03698381036520004
0.03714272007346153
0.0168754942715168
0.01678658276796341
0.011849994771182537
0.013979545794427395
0.013081781566143036
0.025836491957306862
0.021348614245653152
0.026234714314341545
0.02179945632815361
0.014491191133856773
0.01549446489661932
0.013620858080685139
0.020892610773444176
0.013934832997620106
0.017918869853019714
0.022639114409685135
0.026003409177064896
0.029924867674708366
0.03499075770378113
0.034402068704366684
0.026089122518897057
0.017466507852077484
0.02348768711090088
0.018513567745685577
0.016963215544819832
0.01626289077103138
0.014643448404967785
0.014658670872449875
0.016994846984744072
0.01298538688570261
0.02077595517039299
0.036626435816287994
0.034651149064302444
0.036793604493141174
0.02535570226609707
0.03059939667582512
0.025467991828918457
0.031548745930194855
0.014461436308920383
0.018509306013584137
0.015226220712065697
0.018794381991028786
0.014948875643312931
0.009699844755232334
0.013049508444964886
0.010682429186999798
0.015198681503534317
0.0243337731808424
0.01635483279824257
0.038913920521736145
0.0470472015440464
0.024574823677539825
0.0205545574426651
0.015545048750936985
0.018557552248239517
0.014444186352193356
0.017037389799952507
0.0134831378236413
0.018986107781529427
0.023735027760267258
0.020071472972631454
0.02044016122817993
0.018031761050224304
0.014616536907851696
0.013735457323491573
0.02448923885822296
0.03055615909397602
0.023140234872698784
0.021776698529720306
0.017414366826415062
0.017614442855119705
0.01964220032095909
0.044022753834724426
0.03382361680269241
0.02446330338716507
0.012558240443468094
0.011373895220458508
0.017628610134124756
0.015031974762678146
0.019626695662736893
0.0127323679625988
0.010139120742678642
0.017038337886333466
0.024543648585677147
0.024362672120332718
0.015539705753326416
0.019813107326626778
0.021304182708263397
0.028007226064801216
0.01834915392100811
0.01910008117556572
0.012478891760110855
0.010236017405986786
0.0166778564453125
0.010282844305038452
0.017517266795039177
0.01564267836511135
0.013760006055235863
0.018807105720043182
0.022699356079101562
0.033726729452610016
0.027405088767409325
0.021891076117753983
0.01806906796991825
0.00934072770178318
0.01583797112107277
0.01361021026968956
0.0210517980158329
0.017811231315135956
0.02018076367676258
0.017077848315238953
0.010158057324588299
0.014326710253953934
0.012730567716062069
0.017785239964723587
0.029714204370975494
0.03301875665783882
0.02642490342259407
0.020090622827410698
0.013092542067170143
0.0063107796013355255
0.016050929203629494
0.01088825985789299
0.014019963331520557
0.017760252580046654
0.022324008867144585
0.034898534417152405
0.020452942699193954
0.015973573550581932
0.02107688970863819
0.011012346483767033
0.01833929307758808
0.017843618988990784
0.018454425036907196
0.015346941538155079
0.012456318363547325
0.012509584426879883
0.016245301812887192
0.026301709935069084
0.026752445846796036
0.028774740174412727
0.019494157284498215
0.015416887588799
0.013065666891634464
0.00949756521731615
0.012831793166697025
0.01262106653302908
0.008920121937990189
0.006819448433816433
0.008801458403468132
0.008412830531597137
0.009928627870976925
0.014999100007116795
0.01879199780523777
0.025012603029608727
0.03394404798746109
0.03746122866868973
0.016962449997663498
0.01431563962250948
0.01610725000500679
0.016362493857741356
0.015228194184601307
0.027103668078780174
0.020786870270967484
0.0195236224681139
0.015843849629163742
0.009136924520134926
0.011176767759025097
0.010174129158258438
0.013391957618296146
0.005526500288397074
0.009293871000409126
0.012381631880998611
0.015191967599093914
0.02190759964287281
0.03592979162931442
0.04943521320819855
0.022967137396335602
0.01892363466322422
0.010550561361014843
0.014816530048847198
0.013516122475266457
0.009992447681725025
0.00886598415672779
0.015462810173630714
0.015273673459887505
0.026225414127111435
0.027082113549113274
0.019306816160678864
0.02019796334207058
0.021280772984027863
0.019686011597514153
0.016464725136756897
0.01720280386507511
0.020796120166778564
0.02883884124457836
0.01695294678211212
0.01782713271677494
0.011503211222589016
0.013011952862143517
0.01619347743690014
0.015907729044556618
0.015045049600303173
0.013474703766405582
0.010058525949716568
0.009951090440154076
0.014617374166846275
0.026403730735182762
0.030846720561385155
0.034335020929574966
0.017672350630164146
0.010702732019126415
0.011431696824729443
0.012658966705203056
0.015720296651124954
0.011316653341054916
0.012960224412381649
0.011194806545972824
0.006623649969696999
0.008410473354160786
0.010895994491875172
0.016901925206184387
0.01337183453142643
0.013110961765050888
0.012547179125249386
0.015385661274194717
0.01841331645846367
0.024219458922743797
0.01703299954533577
0.01628795452415943
0.007664152886718512
0.01961689442396164
0.023304183036088943
0.029445748776197433
0.017787935212254524
0.016005869954824448
0.017167286947369576
0.012127305381000042
0.014021161943674088
0.01322655938565731
0.014575319364666939
0.017667150124907494
0.019367655739188194
0.01564815081655979
0.014799860306084156
0.009598836302757263
0.01386192161589861
0.011156567372381687
0.010242260992527008
0.008207373321056366
0.008986584842205048
0.005770414602011442
0.008098414167761803
0.01299748569726944
0.016438573598861694
0.016637690365314484
0.02555815875530243
0.045657649636268616
0.022312229499220848
0.011021562851965427
0.007568821776658297
0.015420842915773392
0.010579369962215424
0.014684557914733887
0.018981270492076874
0.01675037294626236
0.011915854178369045
0.014004519209265709
0.012878632172942162
0.019264552742242813
0.01062150951474905
0.012664292007684708
0.010870697908103466
0.01253217551857233
0.012715253978967667
0.01068160030990839
0.011138033121824265
0.010262041352689266
0.01306984107941389
0.01821892336010933
0.020087342709302902
0.02073037065565586
0.010946370661258698
0.011923398822546005
0.010715272277593613
0.011356077156960964
0.014095966704189777
0.01268896833062172
0.01347940880805254
0.012302208691835403
0.013876433484256268
0.008819612674415112
0.011210460215806961
0.027838245034217834
0.022805381566286087
0.023785259574651718
0.013749322853982449
0.012585875578224659
0.01419641450047493
0.015804095193743706
0.01969234272837639
0.02039647102355957
0.008981740102171898
0.011480842716991901
0.006562957540154457
0.009152687154710293
0.007715313229709864
0.00905708409845829
0.008831271901726723
0.005889358464628458
0.010327284224331379
0.014383280649781227
0.03170078992843628
0.041963882744312286
0.016907820478081703
0.012211012654006481
0.011858208104968071
0.00898854248225689
0.00926212314516306
0.016303960233926773
0.01899947226047516
0.02109779790043831
0.010615626350045204
0.009450276382267475
0.008827430196106434
0.007747347466647625
0.007898369804024696
0.008157795295119286
0.006101569626480341
0.007618126925081015
0.008818468078970909
0.009370943531394005
0.014501289464533329
0.019335689023137093
0.033591706305742264
0.03445668891072273
0.01320712175220251
0.01446564681828022
0.010461513884365559
0.005883174017071724
0.006784236989915371
0.006956691853702068
0.006343634333461523
0.009017342701554298
0.005383211188018322
0.006292837206274271
0.007679238449782133
0.010154103860259056
0.02666327729821205
0.030254723504185677
0.028921296820044518
0.010730249807238579
0.012007943354547024
0.008278263732790947
0.00967390090227127
0.010496819391846657
0.00561167998239398
0.004620361607521772
0.005256162490695715
0.008072013035416603
0.010559936985373497
0.01214616745710373
0.014632332138717175
0.025228356942534447
0.021150875836610794
0.028235122561454773
0.01660667359828949
0.01217896118760109
0.01060220506042242
0.01851477660238743
0.017804931849241257
0.018771497532725334
0.016379954293370247
0.012571258470416069
0.007943843491375446
0.01022756565362215
0.010042736306786537
0.006413701921701431
0.009096816182136536
0.0115018580108881
0.027174847200512886
0.03174879774451256
0.01653801091015339
0.01319295447319746
0.008816245011985302
0.007454604376107454
0.007814498618245125
0.007768015377223492
0.007746788673102856
0.007794087752699852
0.012306766584515572
0.01347850076854229
0.013825077563524246
0.017867913469672203
0.012550110928714275
0.009312894195318222
0.010338641703128815
0.01646803691983223
0.019787998870015144
0.026808056980371475
0.015283355489373207
0.021849408745765686
0.01775839552283287
0.009874428622424603
0.004583888221532106
0.006699493620544672
0.00834086537361145
0.006713451351970434
0.012419742532074451
0.01948500983417034
0.022117935121059418
0.021213991567492485
0.016012143343687057
0.0141743253916502
0.006882463116198778
0.006531259976327419
0.007419594097882509
0.004723917692899704
0.003231906332075596
0.006488842889666557
0.00887681357562542
0.016142426058650017
0.023760197684168816
0.018954625353217125
0.015781104564666748
0.010566669516265392
0.00906920712441206
0.011078220792114735
0.01042354665696621
0.010363744571805
0.009270882233977318
0.006911346688866615
0.0041971574537456036
0.006021663546562195
0.005133284721523523
0.007341674529016018
0.01196945458650589
0.020152918994426727
0.02277231402695179
0.020662028342485428
0.01040910929441452
0.01000882312655449
0.013538463041186333
0.012846911326050758
0.013772394508123398
0.007951661013066769
0.006722624879330397
0.007239833474159241
0.007652028929442167
0.004425248596817255
0.00603245384991169
0.005323629826307297
0.010951814241707325
0.017060212790966034
0.02566315233707428
0.03243262320756912
0.010812615044414997
0.010537352412939072
0.01303531788289547
0.007872899994254112
0.009303872473537922
0.005896504037082195
0.007524176966398954
0.010442015714943409
0.010411432012915611
0.014714224264025688
0.009865639731287956
0.007282706908881664
0.011224759742617607
0.01848788559436798
0.017132200300693512
0.012624211609363556
0.01088222861289978
0.008033880032598972
0.006163459271192551
0.010495015420019627
0.007327663246542215
0.008982297033071518
0.005751090124249458
0.006776168942451477
0.004304379224777222
0.010849898681044579
0.021543210372328758
0.028607694432139397
0.023138292133808136
0.010049190372228622
0.01081977877765894
0.009275623597204685
0.007574450224637985
0.009494613856077194
0.008861985057592392
0.008312144316732883
0.0077764056622982025
0.014315897598862648
0.018685191869735718
0.023890987038612366
0.01582512818276882
0.006637158803641796
0.0058953906409442425
0.0062133632600307465
0.008927807211875916
0.012086131609976292
0.019859908148646355
0.020246338099241257
0.02231666073203087
0.019046414643526077
0.011199729517102242
0.007974968291819096
0.007184159010648727
0.006148613523691893
0.006965315900743008
0.008173122070729733
0.008398904465138912
0.007306556683033705
0.005163997877389193
0.004821904469281435
0.0030150040984153748
0.004708968568593264
0.008990583010017872
0.01312253624200821
0.018503060564398766
0.010568634606897831
0.0139510128647089
0.0186136644333601
0.013944923877716064
0.011699633672833443
0.006238613743335009
0.00788130983710289
0.004451158456504345
0.009386010468006134
0.012326814234256744
0.014508248306810856
0.019090143963694572
0.016181809827685356
0.014106678776443005
0.01618182845413685
0.013277310878038406
0.007351960986852646
0.0038496614433825016
0.006566157564520836
0.005623497534543276
0.007541093043982983
0.01018504612147808
0.011078177951276302
0.010859314352273941
0.01885509118437767
0.02424013614654541
0.01937401108443737
0.01934179849922657
0.009229416027665138
0.008484083227813244
0.006414505653083324
0.007157232146710157
0.010264318436384201
0.009791024960577488
0.009627128019928932
0.009867360815405846
0.011999907903373241
0.017219357192516327
0.01076999306678772
0.011348460800945759
0.016477735713124275
0.013840669766068459
0.004508103244006634
0.003900976851582527
0.004671047907322645
0.0032504659611731768
0.006186185870319605
0.005080754868686199
0.003545725718140602
0.008601097390055656
0.014444040134549141
0.02133837901055813
0.015768563374876976
0.01065455935895443
0.00786074809730053
0.011465437710285187
0.01048177108168602
0.014949377626180649
0.016588781028985977
0.019040849059820175
0.007521165534853935
0.005165500566363335
0.005455205217003822
0.0063367267139256
0.009705623611807823
0.008877325803041458
0.01003970392048359
0.012811679393053055
0.016582099720835686
0.01721617765724659
0.013692314736545086
0.008758085779845715
0.005506529938429594
0.005959587637335062
0.0060315621085464954
0.004622120410203934
0.004747876897454262
0.005501855630427599
0.004213695880025625
0.0031641495879739523
0.005043134093284607
0.005099879577755928
0.00929334107786417
0.024756962433457375
0.027175812050700188
0.021519536152482033
0.008081968873739243
0.007148511242121458
0.007117655128240585
0.008160816505551338
0.013774736784398556
0.011323821730911732
0.007697556167840958
0.007775458041578531
0.010132290422916412
0.009580672718584538
0.005057368893176317
0.005723306909203529
0.004906629677861929
0.005460255779325962
0.005059587769210339
0.005857463926076889
0.008426898159086704
0.014916440472006798
0.02347097545862198
0.025179333984851837
0.017815884202718735
0.010283011011779308
0.006277984008193016
0.004820468835532665
0.0057479036040604115
0.00607721135020256
0.008475878275930882
0.013648761436343193
0.014472570270299911
0.014595944434404373
0.013798613101243973
0.014555049128830433
0.0077374898828566074
0.006136995740234852
0.005402802024036646
0.0059498380869627
0.0048720757476985455
0.00562971131876111
0.00885755941271782
0.01224566251039505
0.012796664610505104
0.01518012210726738
0.015926916152238846
0.012702151201665401
0.012283108197152615
0.012934849597513676
0.009519466198980808
0.006377366837114096
0.006681332364678383
0.006283759605139494
0.007409421261399984
0.012175633572041988
0.012597437016665936
0.015470273792743683
0.013353385031223297
0.006112290546298027
0.0065587772987782955
0.0065533178858459
0.005184871144592762
0.004500824026763439
0.005395597778260708
0.004998909309506416
0.0042948732152581215
0.006833744700998068
0.006226595491170883
0.010887760668992996
0.01609126664698124
0.015830842778086662
0.017771512269973755
0.02103528007864952
0.016502315178513527
0.016649939119815826
0.009741868823766708
0.004467674996703863
0.002928987378254533
0.005016118288040161
0.004376889672130346
0.005356864538043737
0.006202260032296181
0.01001288928091526
0.01631864719092846
0.015520002692937851
0.009476322680711746
0.005686342716217041
0.00373361655510962
0.00521413329988718
0.005911804269999266
0.0069705951027572155
0.005195059813559055
0.005135467275977135
0.008113651536405087
0.011629088781774044
0.010518881492316723
0.013742348179221153
0.016045713797211647
0.022312145680189133
0.015526516363024712
0.013397756032645702
0.009610641747713089
0.009663368575274944
0.008241288363933563
0.010578070767223835
0.007797452621161938
0.009963699616491795
0.005298297386616468
0.005607900209724903
0.006473415065556765
0.006682651117444038
0.003904722398146987
0.0032738912850618362
0.0059156655333936214
0.011236236430704594
0.017064504325389862
0.01745259203016758
0.01343825738877058
0.014062507078051567
0.011505038477480412
0.01291064266115427
0.010799956507980824
0.008504562079906464
0.006624598056077957
0.006581081077456474
0.011269408278167248
0.008826876059174538
0.00802784226834774
0.005107548087835312
0.005318264942616224
0.0034249378368258476
0.0030719235073775053
0.0037597056943923235
0.004372494760900736
0.0030656030867248774
0.004376051016151905
0.0042662350460886955
0.005590987857431173
0.0064383381977677345
0.01507678534835577
0.034819114953279495
0.036117590963840485
0.014018126763403416
0.00881607923656702
0.0065138256177306175
0.006856532301753759
0.005976113025099039
0.007483209948986769
0.006604749709367752
0.007780058775097132
0.009260578081011772
0.01012591365724802
0.005494927987456322
0.008994165807962418
0.0077028218656778336
0.011572066694498062
0.008623126894235611
0.009721683338284492
0.007621386554092169
0.009337343275547028
0.009611997753381729
0.010091840289533138
0.009312020614743233
0.011841821484267712
0.011625455692410469
0.016758108511567116
0.016845956444740295
0.00790247693657875
0.004500169772654772
0.005598391406238079
0.005269184242933989
0.006715838331729174
0.008897959254682064
0.008674834854900837
0.009608474560081959
0.010055683553218842
0.007912537083029747
0.007776486221700907
0.007322192192077637
0.007380230817943811
0.00683978758752346
0.005156069993972778
0.006177503615617752
0.010022822767496109
0.013097303919494152
0.02064419724047184
0.010534741915762424
0.009892372414469719
0.005711048375815153
0.0075693256221711636
0.004695487674325705
0.005779632367193699
0.007783310953527689
0.005353783257305622
0.005157707259058952
0.005381386261433363
0.0073364353738725185
0.01110667735338211
0.01413039956241846
0.01566510833799839
0.009599088691174984
0.009857325814664364
0.006813873071223497
0.005691167898476124
0.006426832638680935
0.006357444915920496
0.00512391934171319
0.0054808007553219795
0.003898139577358961
0.004217008128762245
0.004488135222345591
0.004419572651386261
0.003544797655194998
0.0029678705614060163
0.004214380867779255
0.011887406930327415
0.02321459725499153
0.026934605091810226
0.015273574739694595
0.011432978324592113
0.004740524105727673
0.0037732617929577827
0.004152268636971712
0.003262775018811226
0.00571023765951395
0.006644080858677626
0.008502857759594917
0.015321995131671429
0.01934763975441456
0.012185029685497284
0.008469686843454838
0.005778152961283922
0.005102297756820917
0.007799029815942049
0.004643918015062809
0.005048376973718405
0.003428083611652255
0.002685107057914138
0.004536344204097986
0.004173973575234413
0.007126795593649149
0.010580693371593952
0.014262554235756397
0.01920660212635994
0.02408307045698166
0.015134292654693127
0.010333371348679066
0.006334781646728516
0.004070185590535402
0.0035128695890307426
0.0023936063516885042
0.003960479982197285
0.006704090163111687
0.009349684230983257
0.012612663209438324
0.011970361694693565
0.012859911657869816
0.00865766778588295
0.008150722831487656
0.006913304328918457
0.006811443716287613
0.006455542054027319
0.008135340176522732
0.009051775559782982
0.016535241156816483
0.015352912247180939
0.01696573942899704
0.01271046418696642
0.008876015432178974
0.00846787542104721
0.012080991640686989
0.005613734945654869
0.0029562017880380154
0.004042042884975672
0.004906354937702417
0.005095590837299824
0.0042515587992966175
0.009514793753623962
0.00855867937207222
