1.4102002382278442
0.9135610461235046
0.9324291944503784
0.703449547290802
0.5027164220809937
0.4547421634197235
0.43125149607658386
0.267202764749527
0.2782668173313141
0.14824967086315155
0.18458612263202667
0.12921859323978424
0.11015823483467102
0.13273844122886658
0.18302834033966064
0.1480155736207962
0.1577584147453308
0.12086532264947891
0.12084101885557175
0.11839433759450912
0.1125815361738205
0.12857793271541595
0.13751521706581116
0.12375500798225403
0.11914099752902985
0.1463278979063034
0.13265226781368256
0.10782523453235626
0.11434683948755264
0.1416352242231369
0.11656638234853745
0.10556334257125854
0.1158200204372406
0.12546712160110474
0.09852909296751022
0.11908885091543198
0.11210013180971146
0.08522777259349823
0.09667305648326874
0.11966070532798767
0.09228560328483582
0.07764142751693726
0.0885821059346199
0.12380336970090866
0.09600120782852173
0.08333148807287216
0.1124037653207779
0.07185916602611542
0.06990339607000351
0.08836251497268677
0.0993473157286644
0.08091029524803162
0.084162138402462
0.06275427341461182
0.0822259709239006
0.07621511071920395
0.05756952613592148
0.09153556078672409
0.07278816401958466
0.07588552683591843
0.06644437462091446
0.06991191953420639
0.0821414366364479
0.07207432389259338
0.05727265402674675
0.05091127008199692
0.05873692408204079
0.05678999423980713
0.07000593841075897
0.04040913283824921
0.05894395709037781
0.050333332270383835
0.04043276607990265
0.05514209344983101
0.0436401329934597
0.044695254415273666
0.05070464685559273
0.026797158643603325
0.036470603197813034
0.03910880535840988
0.04220281541347504
0.03769070655107498
0.03109663724899292
0.033061906695365906
0.041739992797374725
0.050140783190727234
0.05716985836625099
0.034758348017930984
0.04219989478588104
0.04959956184029579
0.026488473638892174
0.027594096958637238
0.03339751437306404
0.02755219303071499
0.02619832567870617
0.02442432940006256
0.025288648903369904
0.03660966828465462
0.04346112161874771
0.04947763308882713
0.03380343317985535
0.028002968057990074
0.019554641097784042
0.017975732684135437
0.019892703741788864
0.01817863993346691
0.013033444061875343
0.01687612012028694
0.021792326122522354
0.01864454708993435
0.014693427830934525
0.017852172255516052
0.01998097635805607
0.0302865169942379
0.030185498297214508
0.026573972776532173
0.01932748593389988
0.01744542270898819
0.01696961559355259
0.010865697637200356
0.014538753777742386
0.015841662883758545
0.013282018713653088
0.009290281683206558
0.017803078517317772
0.020522942766547203
0.01965698041021824
0.02382255345582962
0.030086923390626907
0.020640596747398376
0.016392717137932777
0.011518353596329689
0.01356933731585741
0.008939399383962154
0.011206669732928276
0.009589501656591892
0.012392447330057621
0.011749395169317722
0.018944818526506424
0.023236865177750587
0.028817813843488693
0.025513872504234314
0.034866467118263245
0.019472932443022728
0.015370919369161129
0.010283534415066242
0.01078236848115921
0.008016074076294899
0.010978203266859055
0.017011446878314018
0.01690562255680561
0.011896511539816856
0.012204920873045921
0.015216299332678318
0.017293386161327362
0.01842614822089672
0.015371192246675491
0.009213324636220932
0.009618022479116917
0.005540239159017801
0.014486256055533886
0.025168314576148987
0.0220923013985157
0.020648669451475143
0.011933040805161
0.014183619990944862
0.014337446540594101
0.006948805879801512
0.009185581468045712
0.011076046153903008
0.01251401100307703
0.009676949121057987
0.008189024403691292
0.006510479375720024
0.012683532200753689
0.00825414340943098
0.006476517301052809
0.010614823549985886
0.014091224409639835
0.023935429751873016
0.031163491308689117
0.018948929384350777
0.02214464172720909
0.013531433418393135
0.00942082516849041
0.007389483507722616
0.007228128146380186
0.009048040956258774
0.009844661690294743
0.01039688941091299
0.008403635583817959
0.008539482019841671
0.007233516778796911
0.011453897692263126
0.015861239284276962
0.027983173727989197
0.018793322145938873
0.024638688191771507
0.013138443231582642
0.009171001613140106
0.010521745309233665
0.009382988326251507
0.008662799373269081
0.008399843238294125
0.015486513264477253
0.013097741641104221
0.008241831324994564
0.011467221193015575
0.018893493339419365
0.017198925837874413
0.010608989745378494
0.009004802443087101
0.007404881063848734
0.009458154439926147
0.01142037007957697
0.009715723805129528
0.014236626215279102
0.014490499161183834
0.015847137197852135
0.016699157655239105
0.012357977218925953
0.011359780095517635
0.011549996212124825
0.011592453345656395
0.008656847290694714
0.0083772549405694
0.007833492010831833
0.008157237432897091
0.012174245901405811
0.022265544161200523
0.027328984811902046
0.013748911209404469
0.0084713539108634
0.006745489779859781
0.005885666701942682
0.009378189221024513
0.0064032915979623795
0.007418292108923197
0.007121411617845297
0.00786303635686636
0.009115752764046192
0.01522727683186531
0.01988830976188183
0.017475232481956482
0.008174081332981586
0.007250904571264982
0.012668120674788952
0.01042188610881567
0.011637534946203232
0.009613840840756893
0.007809512782841921
0.004144721198827028
0.00758203724399209
0.005903648678213358
0.014484226703643799
0.016385922208428383
0.023075837641954422
0.019403541460633278
0.021001501008868217
0.009841409511864185
0.005638484843075275
0.003729328280314803
0.005255015101283789
0.005186046473681927
0.007304576691240072
0.005243221297860146
0.008061143569648266
0.007161188870668411
0.012317831628024578
0.022305503487586975
0.015572583302855492
0.013582911342382431
0.010557938367128372
0.005117259453982115
0.007013014052063227
0.010232577100396156
0.009693149477243423
0.0095768878236413
0.010282856412231922
0.007841355167329311
0.00739181088283658
0.012198589742183685
0.006591232493519783
0.005661739036440849
0.007247201632708311
0.007182881701737642
0.006047024857252836
0.006640534847974777
0.006303883157670498
0.012086540460586548
0.02610955201089382
0.040141038596630096
0.010454889386892319
0.009742025285959244
0.004025975242257118
0.004062733147293329
0.007658294402062893
0.0063473982736468315
0.009428370743989944
0.009293239563703537
0.00804310105741024
0.013545043766498566
0.01690356805920601
0.026069626212120056
0.013340447098016739
0.011826477013528347
0.009324383921921253
0.008476214483380318
0.0062704505398869514
0.008706532418727875
0.0056321881711483
0.004883904010057449
0.005122128874063492
0.006142345257103443
0.007342268247157335
0.0054116155952215195
0.008709165267646313
0.014785218052566051
0.01999833434820175
0.01907622069120407
0.013244222849607468
0.009050833992660046
0.006484581157565117
0.005865904036909342
0.008088750764727592
0.006488689221441746
0.004123456310480833
0.006865352857857943
0.006088380701839924
0.009092004038393497
0.00853071827441454
0.009345019236207008
0.0070532262325286865
0.012468239292502403
0.01265974435955286
0.01379229873418808
0.007408357225358486
0.007710394915193319
0.009985021315515041
0.009555824100971222
0.010933115147054195
0.008718665689229965
0.006634261459112167
0.00514080747961998
0.004944197367876768
0.007336842827498913
0.006106644403189421
0.009361711330711842
0.007266968488693237
0.00918069388717413
0.01048179343342781
0.010116266086697578
0.0067214323207736015
0.006475919857621193
0.006177474278956652
0.010128707624971867
0.013944605365395546
0.01743434928357601
0.011222396045923233
0.011728106997907162
0.007268301676958799
0.005799759645015001
0.005257161799818277
0.005451688077300787
0.0053670573979616165
0.004158955067396164
0.005695096682757139
0.005688883829861879
0.007967586629092693
0.010036664083600044
0.012518775649368763
0.01148927491158247
0.010921340435743332
0.01501288078725338
0.015834597870707512
0.019011767581105232
0.013007436878979206
0.006685022730380297
0.004932349547743797
0.005520552862435579
0.005905405152589083
0.0038802390918135643
0.004090988542884588
0.005852051544934511
0.005806284956634045
0.006640193518251181
0.011744312942028046
0.016816996037960052
0.007228870876133442
0.007630791515111923
0.008935290388762951
0.008627021685242653
0.005459720268845558
0.005656120367348194
0.007870623841881752
0.005237780977040529
0.004472164437174797
0.005401356611400843
0.008700367994606495
0.008202466182410717
0.00803308468312025
0.006243498995900154
0.0077827428467571735
0.012316839769482613
0.020114649087190628
0.012369709089398384
0.006299006287008524
0.004442447796463966
0.004976008553057909
0.004783870652318001
0.004541605245321989
0.007097071502357721
0.009058823809027672
0.009144597686827183
0.009889284148812294
0.012242460623383522
0.014161351136863232
0.00870092585682869
0.010064438916742802
0.01071905717253685
0.00599578395485878
0.007548784837126732
0.004111631773412228
0.0041051763109862804
0.004512261599302292
0.004086792003363371
0.0037028654478490353
0.005365671124309301
0.003829220775514841
0.00729420967400074
0.003787805326282978
0.004230360500514507
0.00822000578045845
0.018861129879951477
0.021278023719787598
0.007524239365011454
0.0070409271866083145
0.006549464538693428
0.006324078422039747
0.005536022130399942
0.00626986101269722
0.0065825325436890125
0.010619740933179855
0.007968315854668617
0.006516117602586746
0.0071546281687915325
0.008184709586203098
0.007067786995321512
0.007083267439156771
0.009054027497768402
0.008651884272694588
0.005214984994381666
0.005802555475383997
0.0032836191821843386
0.0038030825089663267
0.00525327306240797
0.008149009197950363
0.012602640315890312
0.017780955880880356
0.018024520948529243
0.004923303611576557
0.0048914323560893536
0.005194731522351503
0.004144107457250357
0.005170919466763735
0.0056365435011684895
0.005216602701693773
0.008035797625780106
0.006025724578648806
0.006752674467861652
0.0060853674076497555
0.00785453524440527
0.008172513917088509
0.012914817780256271
0.009041053242981434
0.011110467836260796
0.0071932123973965645
0.006026072893291712
0.007186410017311573
0.0066475640051066875
0.005673289764672518
0.009061085060238838
0.007404210977256298
0.005709656048566103
0.006464286241680384
0.003584030084311962
0.005404131021350622
0.00790083035826683
0.007153498474508524
0.010921296663582325
0.010196073912084103
0.01015650387853384
0.005695686209946871
0.006539942231029272
0.005331641994416714
0.00377099821344018
0.004165499936789274
0.0045744930393993855
0.004694129340350628
0.002719579730182886
0.005093925166875124
0.006356631405651569
0.014590383507311344
0.013466042466461658
0.011566495522856712
0.006394467316567898
0.005721664521843195
0.004063791129738092
0.004553316161036491
0.004563881549984217
0.006209200248122215
0.008726825937628746
0.016017844900488853
0.00850758422166109
0.006037035956978798
0.004108278080821037
0.006400677375495434
0.006349483504891396
0.008630498312413692
0.010943186469376087
0.015015028417110443
0.008521148934960365
0.005185664165765047
0.004323926288634539
0.006552779581397772
0.006660591810941696
0.00461933296173811
0.005562209989875555
0.006232478190213442
0.002692882437258959
0.004173027351498604
0.004804179072380066
0.005249385256320238
0.0061384541913867
0.007322180084884167
0.007306079380214214
0.0062533412128686905
0.011685945093631744
0.01205077487975359
0.006955053191632032
0.0038255839608609676
0.00406540697440505
0.004940646234899759
0.0028907563537359238
0.004889600444585085
0.0037056514993309975
0.004817488137632608
0.005772531498223543
0.006056853570044041
0.0072404430247843266
0.010389856062829494
0.008482334204018116
0.008618867956101894
0.006008296739310026
0.006718048360198736
0.006628044880926609
0.007812174037098885
0.00823136419057846
0.009452123194932938
0.008282276801764965
0.006769722793251276
0.0036023352295160294
0.0046286857686936855
0.0047255209647119045
0.0030350603628903627
0.003957160282880068
0.00349621893838048
0.004044819623231888
0.00240579922683537
0.004704618826508522
0.006337340921163559
0.01718617044389248
0.01831451803445816
0.011149682104587555
0.004307599272578955
0.0041711642406880856
0.0030748718418180943
0.004301358945667744
0.0030660012271255255
0.004080301150679588
0.0052058640867471695
0.003288676729425788
0.006299796048551798
0.0035943049006164074
0.0037626030389219522
0.0092227254062891
0.017333928495645523
0.01356054749339819
0.012569108977913857
0.009008768014609814
0.005433334037661552
0.006840918678790331
0.007294101640582085
0.006749141030013561
0.009514645673334599
0.006663830950856209
0.007274027913808823
0.004252141807228327
0.0041286577470600605
0.006304404232650995
0.006022626534104347
0.006112637929618359
0.005300423596054316
0.007143671624362469
0.008338897489011288
0.0062981899827718735
0.008649416267871857
0.005620273761451244
0.005576778668910265
0.00827237218618393
0.00866559986025095
0.006759141571819782
0.0070942472666502
0.006571218371391296
0.003934905398637056
0.0034197247587144375
0.006010015495121479
0.006235226523131132
0.005647012498229742
0.007151138037443161
0.007968874648213387
0.0032164733856916428
0.0029039732180535793
0.004450831562280655
0.0065923649817705154
0.00974941160529852
0.0087692616507411
0.0063317883759737015
0.0062886690720915794
0.004883682820945978
0.004575193393975496
0.005066647659987211
0.0088178850710392
0.014013435691595078
0.013129089027643204
0.006282241549342871
0.003860226832330227
0.003725091926753521
0.004924077074974775
0.0045438846573233604
0.0034186667762696743
0.0035701009910553694
0.0025415008421987295
0.0031740867998450994
0.003963473252952099
0.0030251515563577414
0.005129731260240078
0.004937534686177969
0.006927609909325838
0.010417265817523003
0.014384877867996693
0.0076484475284814835
0.0053376187570393085
0.008409739471971989
0.003815184812992811
0.0032807886600494385
0.00430487934499979
0.004723738878965378
0.005100875627249479
0.004644686821848154
0.0044860332272946835
0.00549020990729332
0.006819888483732939
0.008756027556955814
0.010915841907262802
0.00807451456785202
0.008812845684587955
0.004348002839833498
0.0030470150522887707
0.003037999849766493
0.0040350710041821
0.004315491765737534
0.0033380165696144104
0.0033558032009750605
0.004108245484530926
0.003800324397161603
0.0025723902508616447
0.0030462946742773056
0.005354622378945351
0.00924238283187151
0.00993780791759491
0.01676332950592041
0.00852789357304573
0.006184633355587721
0.004369515459984541
0.003378454828634858
0.005175062920898199
0.003535557072609663
0.00364596932195127
0.00416229572147131
0.003018926130607724
0.002343106083571911
0.0026517980732023716
0.003126289462670684
0.004213182721287012
0.005919375456869602
0.009734351187944412
0.013986485078930855
0.007254909258335829
0.007059165276587009
0.0051516201347112656
0.004231167957186699
0.0029763104394078255
0.0025668886955827475
0.003550864988937974
0.004949852824211121
0.004789575468748808
0.005691002123057842
0.0056893490254879
0.0054252659901976585
0.008006090298295021
0.005644705146551132
0.005580457393079996
0.004792301449924707
0.0023688527289777994
0.0027460590936243534
0.0036513865925371647
0.002980663673952222
0.003374241292476654
0.0021120973397046328
