1.557261347770691
0.883952260017395
0.4085024893283844
0.13393887877464294
0.18198871612548828
0.20442833006381989
0.10446936637163162
0.1377972960472107
0.13078299164772034
0.08743970096111298
0.08492673188447952
0.09503191709518433
0.10349956154823303
0.10508844256401062
0.10814311355352402
0.1920967847108841
0.1504860818386078
0.155109703540802
0.0832931324839592
0.07447967678308487
0.09275835007429123
0.0978829637169838
0.13849231600761414
0.1495981365442276
0.156388059258461
0.10121102631092072
0.09344492852687836
0.07771313190460205
0.10930255800485611
0.10586833208799362
0.1298244148492813
0.14524544775485992
0.07779362052679062
0.1007746011018753
0.08352188020944595
0.1160888597369194
0.07722082734107971
0.08744603395462036
0.058064259588718414
0.07539218664169312
0.05813169479370117
0.05344897881150246
0.08400086313486099
0.0943213477730751
0.08024797588586807
0.104085773229599
0.11494813859462738
0.2170933485031128
0.2267259806394577
0.07945233583450317
0.08881177008152008
0.0462280809879303
0.08644799143075943
0.09925521910190582
0.08038055151700974
0.07421097159385681
0.07132667303085327
0.08198530226945877
0.07183589786291122
0.053538836538791656
0.08834194391965866
0.07727108150720596
0.08593875169754028
0.10885820537805557
0.1744413524866104
0.08515416830778122
0.08388298004865646
0.053454555571079254
0.037977494299411774
0.05721409618854523
0.03781250864267349
0.05847520753741264
0.07221618294715881
0.08137743175029755
0.0928441733121872
0.19368009269237518
0.10395345836877823
0.10961829870939255
0.0516798309981823
0.052644796669483185
0.05437345430254936
0.055882640182971954
0.06779441982507706
0.0678066611289978
0.06623442471027374
0.054571475833654404
0.06068730354309082
0.04614735767245293
0.03596458211541176
0.03771105781197548
0.07609095424413681
0.06516346335411072
0.08141874521970749
0.04543301463127136
0.05874842032790184
0.04018144682049751
0.03588331863284111
0.03349156677722931
0.04668639227747917
0.040549084544181824
0.03496883437037468
0.02807004004716873
0.03127031400799751
0.04594036191701889
0.05582547187805176
0.06990092247724533
0.17030036449432373
0.05441221222281456
0.04219770431518555
0.04223506897687912
0.04430767148733139
0.027337701991200447
0.04051607474684715
0.028881607577204704
0.033170927315950394
0.04921899363398552
0.07573512941598892
0.03754023090004921
0.020261526107788086
0.027400843799114227
0.03447934240102768
0.04841630905866623
0.11256980150938034
0.09539706259965897
0.06830620020627975
0.016703661531209946
0.02611483260989189
0.026008931919932365
0.01483389362692833
0.019544752314686775
0.027588138356804848
0.02055218629539013
0.02020653709769249
0.025488879531621933
0.03647954761981964
0.055875264108181
0.12352769076824188
0.04565335810184479
0.052715495228767395
0.0325683057308197
0.0426749661564827
0.030989687889814377
0.03798042982816696
0.03220125287771225
0.02240944840013981
0.025032324716448784
0.0260202344506979
0.016400113701820374
0.03071364387869835
0.027453655377030373
0.0526307187974453
0.05746883526444435
0.08547353744506836
0.04458881914615631
0.034042470157146454
0.017499055713415146
0.020635144785046577
0.0139496810734272
0.026792727410793304
0.020961401984095573
0.060137055814266205
0.06269736588001251
0.08606897294521332
0.029582679271697998
0.02150043472647667
0.020188217982649803
0.014448709785938263
0.016857411712408066
0.014710407704114914
0.011808407492935658
0.02038557082414627
0.01607917621731758
0.01893165148794651
0.022692538797855377
0.03315916657447815
0.04668394476175308
0.0740962028503418
0.030119197443127632
0.019041169434785843
0.016471046954393387
0.019454501569271088
0.015266082249581814
0.013657595030963421
0.018984029069542885
0.041074737906455994
0.0581851564347744
0.06441184878349304
0.028845837339758873
0.02707255817949772
0.024899670854210854
0.030897140502929688
0.01441710814833641
0.00902733113616705
0.01767396368086338
0.009659807197749615
0.01322502363473177
0.02022687904536724
0.032799821346998215
0.05579015240073204
0.0356379896402359
0.024812398478388786
0.016224028542637825
0.011234269477427006
0.008916867896914482
0.005114853847771883
0.007448309101164341
0.012587669305503368
0.01707390882074833
0.032539647072553635
0.04642161726951599
0.060103025287389755
0.07928412407636642
0.021044528111815453
0.015007051639258862
0.009528078138828278
0.009660330601036549
0.006348663009703159
0.005057399161159992
0.0076040588319301605
0.008116551674902439
0.020149795338511467
0.02416381798684597
0.02678421325981617
0.030566291883587837
0.012863495387136936
0.016512921079993248
0.013793164864182472
0.016017485409975052
0.010781843215227127
0.01063910685479641
0.014323524199426174
0.00936763547360897
0.01467118039727211
0.020116344094276428
0.02061326429247856
0.015881840139627457
0.018133580684661865
0.024859070777893066
0.021166615188121796
0.05018210783600807
0.04835112392902374
0.046541977673769
0.014602238312363625
0.00642646849155426
0.00521590281277895
0.0037216118071228266
0.002879893174394965
0.005017186980694532
0.004849976859986782
0.0047663613222539425
0.01114190835505724
0.01918083243072033
0.03560204058885574
0.08130183815956116
0.04082481935620308
0.02482679858803749
0.014387049712240696
0.0061576878651976585
0.0070443726144731045
0.009585410356521606
0.010793384164571762
0.014100669883191586
0.01585887372493744
0.020251046866178513
0.02341252751648426
0.02018032968044281
0.011285701766610146
0.012590187601745129
0.010911566205322742
0.01040231715887785
0.009631754830479622
0.011526461690664291
0.016538552939891815
0.022717798128724098
0.011001775041222572
0.015324907377362251
0.017352666705846786
0.013816719874739647
0.006947800051420927
0.007326530292630196
0.010379666462540627
0.012439086101949215
0.01323394663631916
0.03270968794822693
0.04327947273850441
0.03900062292814255
0.012570712715387344
0.013425872661173344
0.009524480439722538
0.004048394504934549
0.004017665516585112
0.0025460701435804367
0.003842073492705822
0.003028350416570902
0.0035792640410363674
0.007894943468272686
0.026780392974615097
0.05120452865958214
0.030480680987238884
0.02212141454219818
0.008688017725944519
0.005175360944122076
0.008382013067603111
0.0040481542237102985
0.0040722377598285675
0.0028524582739919424
0.0020333544816821814
0.0031389733776450157
0.007297845091670752
0.018173884600400925
0.043511271476745605
0.0569460354745388
0.012112593278288841
0.014935474842786789
0.005209418945014477
0.006185817066580057
0.006317474879324436
0.010274089872837067
0.008266589604318142
0.009139270521700382
0.010330979712307453
0.015405175276100636
0.024354778230190277
0.02622791938483715
0.012812932953238487
0.012513062916696072
0.01053856872022152
0.012537763454020023
0.020121002569794655
0.023305978626012802
0.016953717917203903
0.010015035048127174
0.004647462163120508
0.005432983860373497
0.006482218392193317
0.008556824177503586
0.013029765337705612
0.018931211903691292
0.025798067450523376
0.0409419983625412
0.007868049666285515
0.00800824910402298
0.007066524587571621
0.007968666963279247
0.005591209977865219
0.007650877349078655
0.008970688097178936
0.009418433532118797
0.009260452352464199
0.01705876551568508
0.027146324515342712
0.030082805082201958
0.019225165247917175
0.02380531094968319
0.02044534496963024
0.021558020263910294
0.005927643738687038
0.00431044539436698
0.0026796101592481136
0.0037283790297806263
0.00614685844630003
0.007402628660202026
0.010078872554004192
0.021378040313720703
0.026743419468402863
0.03127878159284592
0.007122740615159273
0.005048856604844332
0.003958535846322775
0.006113345734775066
0.007318870630115271
0.012487546540796757
0.018111910670995712
0.020565180107951164
0.008622887544333935
0.005058529321104288
0.005754210986196995
0.00869014486670494
0.017645150423049927
0.02146802470088005
0.01230190321803093
0.00911155715584755
0.010680790059268475
0.011335152201354504
0.011565528810024261
0.022670317441225052
0.0202530138194561
0.014175724238157272
0.009861883707344532
0.004199855495244265
0.0033404456917196512
0.004453396424651146
0.006164049729704857
0.0111369164660573
0.013788863085210323
0.0274080540984869
0.03091881051659584
0.028173504397273064
0.009097214788198471
0.003909408580511808
0.0046210093423724174
0.0034513582941144705
0.00568583607673645
0.0077792261727154255
0.01089321170002222
0.023145480081439018
0.025493590161204338
0.030590949580073357
0.021579302847385406
0.015162822790443897
0.006410406902432442
0.0056453063152730465
0.002101924503222108
0.001873719971626997
0.0019203622359782457
0.001488035311922431
0.0013690185733139515
0.0019719440024346113
0.003838020609691739
0.0020558922551572323
0.002735993592068553
0.006785895209759474
0.02169140987098217
0.05380373075604439
0.04497215896844864
0.02696528658270836
0.012462344951927662
0.004394500982016325
0.004430199041962624
0.002403780585154891
0.0027816512156277895
0.0012637582840397954
0.0012147949310019612
0.0013581544626504183
0.0015698837814852595
0.0014486984582617879
0.0021756901405751705
0.006408794317394495
0.018595466390252113
0.03949672728776932
0.03483329340815544
0.031714316457509995
0.008136313408613205
0.005050277337431908
0.005398639943450689
0.0036358048673719168
0.002468209248036146
0.0023226283956319094
0.0012909750221297145
0.00118596525862813
0.0010568279540166259
0.0023017784114927053
0.005680897273123264
0.013537094928324223
0.03347978740930557
0.0580635592341423
0.0396275594830513
0.013511602766811848
0.002762043848633766
0.0016176964854821563
0.0016936665633693337
0.0017405749531462789
0.0009217696497216821
0.003165709786117077
0.0022284274455159903
0.0019030466210097075
0.004094213712960482
0.008276635780930519
0.014937830157577991
0.029801124706864357
0.03618311509490013
0.028003225103020668
0.018639609217643738
0.009968318045139313
0.0034375295508652925
0.0031134372111409903
0.003311661770567298
0.004412252921611071
0.00553670572116971
0.0068320538848638535
0.006103238090872765
0.007111459970474243
0.0069924150593578815
0.008086041547358036
0.007314656395465136
0.007797417230904102
0.008498050272464752
0.016743343323469162
0.016734790056943893
0.01941489614546299
0.009489375166594982
0.009605403989553452
0.011317078955471516
0.00636774068698287
0.004028214141726494
0.00261325784958899
0.0026054733898490667
0.002365848980844021
0.0017185303149744868
0.0033920255955308676
0.008998658508062363
0.03628057613968849
0.031233003363013268
0.019733907654881477
0.013237468898296356
0.013113835826516151
0.008008242584764957
0.008376503363251686
0.009566474705934525
0.014551924541592598
0.011241817846894264
0.009017100557684898
0.00948762521147728
0.01054161787033081
0.0055551850236952305
0.003937284927815199
0.004312390461564064
0.007762941066175699
0.010069228708744049
0.015462665818631649
0.010384786874055862
0.014619589783251286
0.01271129585802555
0.012137243524193764
0.006089153699576855
0.004590434953570366
0.0032819092739373446
0.004089757334440947
0.003227350302040577
0.006130192428827286
0.013403445482254028
0.021041978150606155
0.020195670425891876
0.020963693037629128
0.010449964553117752
0.00780908390879631
0.005902781616896391
0.006386373657733202
0.004764318000525236
0.007031417451798916
0.00910955760627985
0.012495636940002441
0.010968116112053394
0.016808683052659035
0.01528053730726242
0.020410461351275444
0.011317946948111057
0.00797101017087698
0.005066447425633669
0.0016509583219885826
0.0009834244847297668
0.0021027694456279278
0.0016932613216340542
0.003277154639363289
0.005700271110981703
0.012449603527784348
0.02578987367451191
0.03246091306209564
0.016366612166166306
0.008685481734573841
0.0034425505436956882
0.0012988330563530326
0.0013091997243463993
0.0009240914951078594
0.0011403128737583756
0.0017443153774365783
0.0016935659805312753
0.0013871246483176947
0.001578106777742505
0.003523317165672779
0.010675487108528614
0.03703829273581505
0.03708092123270035
0.02839256450533867
0.008815115317702293
0.0067115058191120625
0.0029834776651114225
0.0025437972508370876
0.002125660888850689
0.002415423048660159
0.0019370914669707417
0.0038705028127878904
0.008002649992704391
0.012048745527863503
0.012029281817376614
0.0208392683416605
0.017497094348073006
0.011001748032867908
0.004351933486759663
0.004137249663472176
0.005882319062948227
0.007135956082493067
0.009938954375684261
0.014560705050826073
0.014237772673368454
0.012542188167572021
0.009238473139703274
0.008845353499054909
0.009331317618489265
0.008031290024518967
0.003868257626891136
0.003767805639654398
0.005191492848098278
0.004884189460426569
0.006594296544790268
0.011054920963943005
0.013141114264726639
0.016697347164154053
0.020776724442839622
0.017315564677119255
0.014884868636727333
0.009851018898189068
0.0028291838243603706
0.0015075505943968892
0.0011455817148089409
0.001143241417594254
0.00131509720813483
0.0009612711728550494
0.0012124065542593598
0.0026522399857640266
0.00797163974493742
0.01223667897284031
0.01491570845246315
0.02360675297677517
0.01101322378963232
0.012322032824158669
0.008447584696114063
0.010509767569601536
0.010107162408530712
0.01085029635578394
0.009585565887391567
0.009251235984265804
0.007703721523284912
0.007030529901385307
0.008660507388412952
0.009196717292070389
0.004364687949419022
0.00312350457534194
0.0035724767949432135
0.004100835882127285
0.006562984548509121
0.018662884831428528
0.028470132499933243
0.025589236989617348
0.013130064122378826
0.009540029801428318
0.002771482802927494
0.0018028669292107224
0.001085690688341856
0.0012099439045414329
0.0015345107531175017
0.001132752513512969
0.002348578069359064
0.005871016997843981
0.01399645209312439
0.019481074064970016
0.016496334224939346
0.013736865483224392
0.007552353665232658
0.0030250900890678167
0.001839974196627736
0.0024967265781015158
0.00168628990650177
0.001214371295645833
0.0012336395448073745
0.0011223253095522523
0.0010863764910027385
0.001333323074504733
0.0021876248065382242
0.002546641044318676
0.00582143384963274
0.021199403330683708
0.05185120552778244
0.01719064638018608
0.009605159983038902
0.005268092732876539
0.006067761220037937
0.0048655010759830475
0.00256549334153533
0.0011453093029558659
0.001549324719235301
0.0015229352284222841
0.002037893980741501
0.004499515984207392
0.014102824963629246
0.02087084949016571
0.02450655959546566
0.009717215783894062
0.009720062837004662
0.00314908055588603
0.002890633651986718
0.002520231995731592
0.0026466038543730974
0.003251866204664111
0.007822340354323387
0.012426327913999557
0.017983412370085716
0.009562380611896515
0.012917941436171532
0.008065997622907162
0.010529574006795883
0.010009541176259518
0.014712933450937271
0.011738312430679798
0.008889833465218544
0.005402671173214912
0.005997832398861647
0.0050932876765728
0.007321866694837809
0.0054223258048295975
0.006055806297808886
0.007676333654671907
0.012270328588783741
0.009184857830405235
0.014766433276236057
0.012495330534875393
0.008265555836260319
0.004068585112690926
0.0023682061582803726
0.001937644206918776
0.0019931409042328596
0.001691651064902544
0.0010461858473718166
0.0010351784294471145
0.0010972219752147794
0.001435566577129066
0.007251694332808256
0.024768291041254997
0.04583391174674034
0.0195904653519392
0.009020867757499218
0.0032781700138002634
0.0015004688175395131
0.001270876731723547
0.0015674338210374117
0.0010099540231749415
0.0007684493320994079
0.0007728703785687685
0.0010990810114890337
0.001989392563700676
0.0028835299890488386
0.008630836382508278
0.02558528259396553
0.029666585847735405
0.011119442991912365
0.01041196845471859
0.0068947975523769855
0.005332602187991142
0.0026461035013198853
0.0026165375020354986
0.0014371476136147976
0.0014519068645313382
0.0021598385646939278
0.0038782658521085978
0.004593634977936745
0.010099233128130436
0.02175343595445156
0.021590089425444603
0.007724955677986145
0.0053368727676570415
0.004195268265902996
0.004200542811304331
0.003956187982112169
0.0052308207377791405
0.0034395235124975443
0.0034072943963110447
0.0051856921054422855
0.009336499497294426
0.010315954685211182
0.012418569065630436
0.010202066041529179
0.014743181876838207
0.004636306315660477
0.003164225723594427
0.0035076425410807133
0.0022215424105525017
0.0031013833358883858
0.006164307706058025
0.006922634784132242
0.010905482806265354
0.01305398065596819
0.012993745505809784
0.01111859455704689
0.017248548567295074
0.01196971908211708
0.014573660679161549
0.010541677474975586
0.009647173807024956
0.00804532878100872
0.006073462311178446
0.0024995615240186453
0.002018446335569024
0.0013079780619591475
0.0010123900137841702
0.0009105118224397302
0.0007609076565131545
0.0007667356985621154
0.0009378574904985726
0.0011092547792941332
0.0023048906587064266
0.006578916218131781
0.017252327874302864
0.02810707874596119
0.032800402492284775
0.004473349079489708
0.0045806895941495895
0.005736335646361113
0.005481141619384289
0.004972590133547783
0.0054690162651240826
0.0051299952901899815
0.006869864650070667
0.005185682792216539
0.004941061604768038
0.004926850087940693
0.0054266322404146194
0.0064094411209225655
0.010175500065088272
0.010112433694303036
0.012763739563524723
0.007761752232909203
0.006177267525345087
0.003183026798069477
0.0019975414033979177
0.002047089859843254
0.002900830702856183
0.00588854867964983
0.010534747503697872
0.012141447514295578
0.012956528924405575
0.007207296323031187
0.007134369574487209
0.005427228286862373
0.006600453983992338
0.008295630104839802
0.008497815579175949
0.004098508507013321
0.005187332630157471
0.005778726190328598
0.008224145509302616
0.005341624841094017
0.007957265712320805
0.009511616080999374
0.011868230067193508
0.010520820505917072
0.010168489068746567
0.0047993347980082035
0.00451325997710228
0.004087110515683889
0.0048271832056343555
0.00792253389954567
0.01126547809690237
0.00776966568082571
0.008754772134125233
0.006905266549438238
0.006121322046965361
0.005702223628759384
0.006592110265046358
0.0064454758539795876
0.005191692151129246
0.003109740326181054
0.003134879982098937
0.002841860055923462
0.003343731164932251
0.004053511656820774
0.008909862488508224
0.010991797782480717
0.016099700704216957
0.014335435815155506
0.013272621668875217
0.006572936661541462
0.005161834880709648
0.004683344159275293
0.002642510225996375
0.0031732472125440836
0.004277185071259737
0.005792584270238876
0.0081632100045681
0.009084261022508144
0.010297565720975399
0.009579150006175041
0.006777639966458082
0.0036519370041787624
0.004453637171536684
0.002215188927948475
0.0015645686071366072
0.0009693817119114101
0.000701419310644269
0.0009722508257254958
0.002304334659129381
0.006877437699586153
0.01971154659986496
0.02599649503827095
0.01640375331044197
0.014926877804100513
0.00337169854901731
0.0012131849071010947
0.0018816186347976327
0.0018174579599872231
0.0035290028899908066
0.0061266375705599785
0.00856600422412157
0.008671614341437817
0.014487831853330135
0.0190746933221817
0.018089819699525833
0.009692352265119553
0.007384313736110926
0.005024690181016922
0.002711374079808593
0.002040562452748418
0.001767199020832777
0.0014350946294143796
0.0010682662250474095
0.0015382419805973768
0.002200053073465824
0.003731353674083948
0.007861722260713577
0.01172668021172285
0.009660818614065647
0.0075519694946706295
0.010119379498064518
0.007442870642989874
0.007080379873514175
0.006813766900449991
0.0074888491071760654
0.002669684821739793
0.002931667026132345
0.0027393281925469637
0.004261034075170755
0.007367420941591263
0.01338743232190609
0.014703645370900631
0.009222953580319881
0.004808605182915926
0.002403115853667259
0.0015049384674057364
0.0007469089468941092
0.0007699898560531437
0.0011783955851569772
0.0020688960794359446
0.003994491882622242
0.008089207112789154
0.013470782898366451
0.014172178693115711
0.007631202228367329
0.005519452504813671
0.004796173423528671
0.00338540505617857
0.0044067371636629105
0.005243451800197363
0.011258108541369438
0.012191299349069595
0.01091294176876545
0.00663760444149375
0.004170928616076708
0.002948801266029477
0.0020005253609269857
0.0011659145820885897
0.0010252108331769705
0.0021334069315344095
0.005067721474915743
0.00972453597933054
0.017605489119887352
0.016567576676607132
0.015496693551540375
0.010489378124475479
0.006272232159972191
0.003601044649258256
0.0033640246838331223
0.0038792320992797613
0.004423829726874828
0.005242176819592714
0.006477717775851488
0.005974189843982458
0.010256730020046234
0.010539545677602291
0.010547070764005184
0.006390520837157965
0.003240032121539116
0.0025445735082030296
0.0023903504479676485
0.0009485956397838891
0.0011883419938385487
0.0014236888382583857
0.0025107127148658037
0.005047385580837727
0.010264333337545395
0.00875716470181942
0.010356144048273563
0.010403377935290337
0.009836740791797638
0.0025658435188233852
0.002064593369141221
0.0016256821108981967
0.0016705809393897653
0.0029002672526985407
0.006154545117169619
0.0100514255464077
0.014248565770685673
0.010268918238580227
0.009539339691400528
0.00906091183423996
0.005572049412876368
0.003843611804768443
0.006654639262706041
0.0060127549804747105
0.007959253154695034
0.008667477406561375
0.009251397103071213
0.007992506958544254
0.007140073925256729
0.005403242073953152
0.0045141251757740974
0.004553377162665129
0.003782484447583556
0.004736950621008873
0.005613493733108044
0.004007826093584299
0.004705935250967741
0.006231535226106644
0.0073220254853367805
0.005402750801295042
0.0034162893425673246
0.0024087093770503998
0.0032604201696813107
0.00316788861528039
0.0022425821516662836
0.002359687816351652
0.004222586285322905
0.003795532276853919
0.006930174306035042
0.010766816325485706
0.016953542828559875
0.013824785128235817
0.007859650067985058
0.004857449326664209
0.004783695098012686
0.00424310564994812
0.002792881103232503
0.0012102078180760145
0.0011175114195793867
0.0013177081709727645
0.0016014750581234694
0.0028744626324623823
0.007213985547423363
0.012979349121451378
0.017219390720129013
0.013806258328258991
0.008363519795238972
0.002716961782425642
0.0014138404512777925
0.002151315798982978
0.0028733352664858103
0.0031674804631620646
0.005027248058468103
0.006202478427439928
0.007819713093340397
0.01398848183453083
0.00976534839719534
0.006465982645750046
0.007345704827457666
0.005822290200740099
0.004771521780639887
0.005050320643931627
0.00539060216397047
0.0070383017882704735
0.00801908690482378
0.005037024151533842
0.004743246361613274
0.0033622928895056248
0.004137968644499779
0.005944930482655764
0.004807787947356701
0.005188151728361845
0.004505994264036417
0.0022634505294263363
0.002692790236324072
0.0025118994526565075
0.004477935843169689
0.003175643039867282
0.0029998612590134144
0.003933701664209366
0.006084047723561525
0.00791325606405735
0.014705625362694263
0.01868036761879921
0.014219679869711399
0.0061244354583323
0.00210422370582819
0.0008020676905289292
0.0004847213567700237
0.0005814956966787577
0.0005312292487360537
0.0009042621240951121
0.0009077631402760744
0.0010271979263052344
0.0024613358546048403
0.003668367164209485
0.006616190075874329
0.015300290659070015
0.020914707332849503
0.01595909520983696
0.010534334927797318
0.0025176513008773327
0.002148981438949704
0.0017160485731437802
0.0020364283118396997
0.003427033079788089
0.003968067467212677
0.00478454539552331
0.0038041193038225174
0.0030704541131854057
0.003195952856913209
0.004789317492395639
0.0059516592882573605
0.007804146967828274
0.009442279115319252
0.01211692113429308
0.010345923714339733
0.008323850110173225
0.003541170619428158
0.0030895585659891367
0.0015988168306648731
0.0011820251820608974
0.0006578119355253875
0.0008577802800573409
0.0012244852259755135
0.0024459990672767162
0.005900489166378975
0.00787736289203167
0.009204138070344925
0.009999292902648449
0.012792837806046009
0.013517132960259914
0.006997321732342243
0.006487647071480751
0.003530101850628853
0.003211059607565403
0.002347369212657213
0.002632517134770751
0.001833536778576672
0.003338094335049391
0.002842926187440753
0.004750202409923077
0.005718701984733343
0.009259757585823536
0.00890802126377821
0.008113681338727474
0.009822409600019455
0.009124167263507843
0.005658543203026056
0.004839726258069277
0.0036299910861998796
0.004879014566540718
0.004517715889960527
0.003732457756996155
0.0030294847674667835
0.00330126890912652
0.002877411898225546
0.00542379030957818
0.006315265316516161
0.005377333145588636
0.0045662145130336285
0.006691125687211752
0.006445550825446844
0.005652564577758312
0.004948036279529333
0.0067430175840854645
0.00877314805984497
0.010386968031525612
0.005853851325809956
0.007668494712561369
0.006447738502174616
0.006732570938766003
0.004990778397768736
0.003803302301093936
0.0029123742133378983
0.005262197460979223
0.003847318235784769
0.005879290867596865
0.005791517440229654
0.004651185590773821
0.00654623843729496
0.01346073392778635
0.008728195913136005
0.007485153619199991
0.005909325554966927
0.004999708849936724
0.0034583203960210085
0.0032739071175456047
0.0019861513283103704
0.0022936933673918247
0.003129376797005534
0.003675582818686962
0.006757209077477455
0.009629002772271633
0.0071140979416668415
0.007906835526227951
0.008713800460100174
0.011198991909623146
0.00596639746800065
0.005830592475831509
0.003666678676381707
0.0014911401085555553
0.0017723522614687681
0.0014253673143684864
0.0020762726198881865
0.004229502286761999
0.006499460898339748
0.005795500706881285
0.008593081496655941
0.014943651854991913
0.008221273310482502
0.005700996145606041
0.0024889400228857994
0.0018024732125923038
0.002757355337962508
0.0028444931376725435
0.002401112113147974
0.0025411436799913645
0.0031454775016754866
0.00783030316233635
0.010554289445281029
0.011444569565355778
0.0067067318595945835
0.006064651999622583
0.006979802623391151
0.005953229498118162
0.004921408835798502
0.004917577374726534
0.00282143522053957
0.002940200502052903
0.004540035035461187
0.005822403356432915
0.005198902916163206
0.004519392270594835
0.004717785865068436
0.004327693488448858
0.002169477753341198
0.003472856478765607
0.004981799051165581
0.006654128432273865
0.005967356730252504
0.008531969040632248
0.007564465515315533
0.008648241870105267
0.005839850753545761
0.004332616925239563
0.002578047104179859
0.0022336586844176054
0.0019482987700030208
0.00215174350887537
0.0017183988820761442
0.0025821037124842405
0.00491293054074049
0.011964505538344383
0.010440691374242306
0.013105290941894054
0.008969511836767197
0.00395458796992898
0.00261693331412971
0.002520826645195484
0.002404368482530117
0.0024637498427182436
0.0024601018521934748
0.0024290280416607857
0.0021256927866488695
0.003704866161569953
0.005980582907795906
0.009672191925346851
0.010849838145077229
0.01046733371913433
0.008077012374997139
0.00530453585088253
0.0048286449164152145
0.007273911032825708
0.0039350977167487144
0.0025237309746444225
0.001225479762069881
0.0011189517099410295
0.0015277741476893425
0.0021586567163467407
0.005240119528025389
0.00796223059296608
0.008874604478478432
0.011858873069286346
0.008282777853310108
0.008275095373392105
0.004254510626196861
0.002244828501716256
0.001232221839018166
0.0011462036054581404
0.000951866153627634
0.0010868932586163282
0.0022523514926433563
0.005453220568597317
0.007713912054896355
0.01121398713439703
0.012750286608934402
0.013269049115478992
0.0047431932762265205
0.007000071462243795
0.004614363890141249
0.004181613679975271
0.003411113051697612
0.0022937722969800234
0.0018447345355525613
0.0015949014341458678
0.001620759372599423
0.002106789266690612
0.0026237457059323788
0.0039216298609972
0.006380854640156031
0.00948538351804018
0.009690494276583195
0.009923680685460567
0.01111522875726223
0.013531552627682686
0.007089404854923487
0.0039008569438010454
0.0015705045079812407
0.001648621167987585
0.0010720096761360765
0.0006340060499496758
0.0007399618625640869
0.0011843969114124775
0.002208208665251732
0.004391499795019627
0.007050195708870888
0.011570588685572147
0.010269167833030224
0.008541814051568508
0.007729702163487673
0.006073370110243559
0.0026902086101472378
0.0016887448728084564
0.0016733023803681135
0.0014813340967521071
0.0015963006298989058
0.0033875019289553165
0.004973920993506908
0.004797696601599455
0.006034540012478828
0.007470004726201296
0.00783639308065176
0.00943664275109768
0.006789347156882286
0.0062653180211782455
0.0029682961758226156
0.0031407573260366917
0.002581794047728181
0.0037223785184323788
0.00557255744934082
0.00936000794172287
0.007970801554620266
0.00830712541937828
0.004182810895144939
0.003584466176107526
0.003320000134408474
0.004669151268899441
0.0036129888612776995
0.005480307154357433
0.004545333329588175
0.005250828806310892
0.005927329882979393
0.004911717958748341
0.003472339129075408
0.003366498276591301
0.00339583121240139
0.004103207495063543
0.003115589264780283
0.00238106120377779
0.00319614983163774
0.004152011591941118
0.0055495016276836395
0.009327922947704792
0.008433900773525238
0.0075949449092149734
0.0032855006866157055
0.002065017819404602
0.0017033739713951945
0.0015111060347408056
0.0014714852441102266
0.001428538584150374
0.0016638531815260649
0.0017967891180887818
0.0032216915860772133
0.007232056464999914
0.013223753310739994
0.011566704139113426
0.007250944152474403
0.008631683886051178
0.006193818990141153
0.005349284969270229
0.002683487720787525
0.0013933900045230985
0.0004134589107707143
0.0004368821391835809
0.0003872878151014447
0.0005035948124714196
0.0009147480595856905
0.001279925461858511
0.0015464384341612458
0.0039503672160208225
0.00949181243777275
0.022139661014080048
0.01945079118013382
0.011582075618207455
0.0036722058430314064
0.0024144966155290604
0.0015085082268342376
0.0011345858220010996
0.0008528775069862604
0.0007263128645718098
0.0008993463707156479
0.000698115851264447
0.0008959463448263705
0.002094437601044774
0.007688978686928749
0.014935487881302834
0.012233465909957886
0.008395704440772533
0.0038659966085106134
0.0026209414936602116
0.0016762245213612914
0.0017423839308321476
0.002568615134805441
0.004447305575013161
0.007275095209479332
0.011836238205432892
0.007619427517056465
0.004890182986855507
0.0019273185171186924
0.001336132874712348
0.0018558375304564834
0.0014021068345755339
0.0020794211886823177
0.0027981940656900406
0.005415778141468763
0.006406689994037151
0.005126933567225933
0.00589514197781682
0.0027329903095960617
0.0029432030860334635
0.0025715113151818514
0.004418779164552689
0.005724961869418621
0.0064546470530331135
0.0058538662269711494
0.007878762669861317
0.005461222026497126
0.005615239031612873
0.004879638087004423
0.004472203087061644
0.004381630569696426
0.005923569668084383
0.005717550404369831
0.004756562877446413
0.004366180393844843
0.005896058864891529
0.007543319836258888
0.005279297940433025
0.002259933389723301
0.0020820479840040207
0.0020535681396722794
0.002070253947749734
0.002569131553173065
0.0032845651730895042
0.004470946732908487
0.006939327344298363
0.006340870168060064
0.007486375048756599
0.0036723599769175053
0.0027204854413866997
0.0021116118878126144
0.0019540374632924795
0.002104053506627679
0.002479292917996645
0.0034926580265164375
0.006297641433775425
0.005586901679635048
0.006689942441880703
0.005995354149490595
0.005851584021002054
0.0035199925769120455
0.003955877386033535
0.003848663531243801
0.004013497848063707
0.0027897595427930355
0.0030390676110982895
0.005368702579289675
0.00686652073636651
0.008246404118835926
0.009717151522636414
0.010296092368662357
0.008694511838257313
0.004008833784610033
0.0024391356855630875
0.002564953174442053
0.002045891247689724
0.0008328944677487016
0.0007517655030824244
0.0007077010232023895
0.0008775966707617044
0.0010934564052149653
0.0016881212359294295
0.0041423458606004715
0.008266525343060493
0.013855168595910072
0.017575746402144432
0.008265758864581585
0.0060095954686403275
0.001974511658772826
0.0014712713891640306
0.0010243027936667204
0.0012192028807476163
0.0012960098683834076
0.001569267362356186
0.0017562087159603834
0.0018819645047187805
0.0018889904022216797
0.0031619910150766373
0.005578717682510614
0.008674763143062592
0.010312766768038273
0.00863204151391983
0.004821894224733114
0.004392124246805906
0.003032572567462921
0.002415914786979556
0.001979941502213478
0.0020031051244586706
0.0020664611365646124
0.0028232375625520945
0.002331497147679329
0.0031408164650201797
0.004718139301985502
0.009353721514344215
0.012711732648313046
0.005297605413943529
0.0053664930164813995
0.003924399148672819
0.003087995108217001
0.0029123974964022636
0.0019894158467650414
0.00258508394472301
0.0020666574127972126
0.0033797912765294313
0.005367148667573929
0.0076470403000712395
0.006534600164741278
0.0038867900148034096
0.002777340356260538
0.0028582920785993338
0.0037322589196264744
0.006508105434477329
0.005371768493205309
0.006887680385261774
0.004899351391941309
0.0058457572013139725
0.0049780867993831635
0.005926854442805052
0.005301225930452347
0.0032021356746554375
0.00271957041695714
0.004005830269306898
0.0026529552415013313
0.0017555479425936937
0.0017978649120777845
0.0018638280453160405
0.002429862041026354
0.004129187203943729
0.009166273288428783
0.014071217738091946
0.006763058714568615
0.003836005227640271
0.0018750391900539398
0.0014489018358290195
0.001186035224236548
0.0012105584610253572
0.0010505050886422396
0.0013389582745730877
0.002259819768369198
0.0056215389631688595
0.010126412846148014
0.007409932557493448
0.007418376859277487
0.010247435420751572
0.0041680652648210526
0.0031884394120424986
0.0021926918998360634
0.0013956001494079828
0.0014200650621205568
0.0017815824830904603
0.003461672691628337
0.0027913767844438553
0.0035962997935712337
0.00575003307312727
0.006015122402459383
0.005494138691574335
0.0039050320629030466
0.004071763716638088
0.0050120605155825615
0.006953752133995295
0.0062070018611848354
0.0041827429085969925
0.0031252542976289988
0.004150234628468752
0.005546928849071264
0.005656775087118149
0.0036466324236243963
0.004481449723243713
0.0032176810782402754
0.0031446923967450857
0.002948302309960127
0.0023728006053715944
0.0022650649771094322
0.002803809940814972
0.005354106891900301
0.006445718463510275
0.005881769582629204
0.007846063002943993
0.008824058808386326
0.008310873992741108
0.004052705597132444
0.0043284352868795395
0.002144870813935995
0.0013089756248518825
0.001507959677837789
0.0017881643725559115
0.0023255201522260904
0.0024714989122003317
0.0015363374259322882
0.001686634961515665
0.0032013740856200457
0.00649217376485467
0.010742230340838432
0.009202061221003532
0.0064092339016497135
0.006674542557448149
0.005326582584530115
0.002735464833676815
0.0022506441455334425
0.0012288829311728477
0.001110144192352891
0.0011960223782807589
0.0014080953551456332
0.0021815341897308826
0.0032976248767226934
0.0059668757021427155
0.006910539232194424
0.006657205056399107
0.006506138481199741
0.006067210808396339
0.0063448213040828705
0.0038654785603284836
0.004721483215689659
0.002118996111676097
0.0017795782769098878
0.0021068311762064695
0.0031069812830537558
0.003944957163184881
0.00410799216479063
0.0046479469165205956
0.006150715984404087
0.00570902181789279
0.003887302242219448
0.0038893097080290318
0.003110581310465932
0.004429589956998825
0.005733833182603121
0.005288682412356138
0.0041101668030023575
0.003807883942499757
0.0031672196928411722
0.003208271926268935
0.005246785935014486
0.007896379567682743
0.004856194369494915
0.0034329823683947325
0.002605835208669305
0.002563377609476447
0.0014689693925902247
0.0013120301300659776
0.0011906760046258569
0.0013821203028783202
0.002355704316869378
0.004542851820588112
0.00471943523734808
0.005510649178177118
0.007084481883794069
0.011162846349179745
0.007077797781676054
0.004795817192643881
0.003417862579226494
0.004015700425952673
0.005065353587269783
0.0041077216155827045
0.0036319238133728504
0.0032264310866594315
0.0037672356702387333
0.004665829706937075
0.004165271297097206
0.005009274464100599
0.003676380030810833
0.0031357365660369396
0.002957133576273918
0.004650495946407318
0.0037710436154156923
0.002353644696995616
0.0032411026768386364
0.0037142822984606028
0.002596723148599267
0.003800944657996297
0.003968900069594383
0.006018448621034622
0.005368043202906847
0.0076802498660981655
0.005863834172487259
0.004572829697281122
0.002909252652898431
0.002777585992589593
0.0015690620057284832
0.0013671874767169356
0.0013999711954966187
0.002256806241348386
0.0034401812590658665
0.004640606697648764
0.00522947171702981
0.0058611417189240456
0.004939360078424215
0.004614456091076136
0.0035611006896942854
0.004456714261323214
0.003454394405707717
0.005651022307574749
0.010975339449942112
0.009020261466503143
0.005604464560747147
0.0035432151053100824
0.0029575047083199024
0.0022640982642769814
0.00141057965811342
0.001662914757616818
0.0015165407676249743
0.0015347200678661466
0.0018125277711078525
0.0021504091564565897
0.0026133828796446323
0.00417845044285059
0.005676136817783117
0.007843631319701672
0.010238676331937313
0.010267261415719986
0.00580243393778801
0.004151826724410057
0.0030854183714836836
0.002179183065891266
0.0019659472163766623
0.002473359927535057
0.0022807789500802755
0.0022332007065415382
0.0015139871975407004
0.0012764722341671586
0.0013049638364464045
0.0018952966202050447
0.004473376553505659
0.008915107697248459
0.006214695982635021
0.004359142389148474
0.003338651033118367
0.002833704696968198
0.002799821784719825
0.0032853391021490097
0.0041596428491175175
0.004917219281196594
0.005002619232982397
0.007044381462037563
0.006637211889028549
0.007248684763908386
0.005056469235569239
0.0037081458140164614
0.0020565935410559177
0.0017111455090343952
0.001865117228589952
0.002477408619597554
0.0034319297410547733
0.003317811293527484
0.0021276099141687155
0.0031142551451921463
0.006351351737976074
0.00840731430798769
0.0050407336093485355
0.006409715861082077
0.006008422002196312
0.004482072778046131
0.0040994323790073395
0.005183324217796326
0.0050852433778345585
0.003973293583840132
0.001542207202874124
0.0013437712332233787
0.001899469643831253
0.0027452462818473577
0.002985415980219841
0.003538470482453704
0.0032792428974062204
0.0030655639711767435
0.002926803193986416
0.0022891133558005095
0.0023921914398670197
0.003092976287007332
0.0040938155725598335
0.006144607439637184
0.006100117694586515
0.005682255141437054
0.006534161511808634
0.006048491690307856
0.0023165633901953697
0.0029208690393716097
0.003134523518383503
0.004531726241111755
0.003453211160376668
0.0038575208745896816
0.004336794838309288
0.005055768880993128
0.00472288066521287
0.004633566830307245
0.0023713549599051476
0.0024958797730505466
0.0032610148191452026
0.003801767248660326
0.0034884947817772627
0.0030695160385221243
0.0016212814953178167
0.0016199552919715643
0.002085379557684064
0.0026839515194296837
0.0035328238736838102
0.0032479334622621536
0.006117673125118017
0.00676328781992197
0.005885113496333361
0.005720166489481926
0.004178817383944988
0.004528437275439501
0.002408275380730629
0.001766166533343494
0.001262932550162077
0.0011876269709318876
0.0008858146029524505
0.0015728585422039032
0.002625772263854742
0.004338157828897238
0.008035589009523392
0.009837513789534569
0.00883494596928358
0.00644840020686388
0.004805692005902529
0.0034226945135742426
0.002154954243451357
0.0012962183682247996
0.0005495100049301982
0.0006315824575722218
0.00022163269750308245
0.00033789858571253717
0.0003659013018477708
0.0004022799839731306
0.000305480498354882
0.0003865989565383643
0.0005797518533654511
0.001895763329230249
0.007500635925680399
0.012867393903434277
0.019032470881938934
0.010836413130164146
0.005840228404849768
0.002626124070957303
0.0015161557821556926
0.0009716287022456527
0.0010823074262589216
0.0008252406259998679
0.0008098019170574844
0.0003893651010002941
0.0003401869907975197
0.0003136965387966484
0.0006688591092824936
0.0006613545119762421
0.0009412603103555739
0.0023974324576556683
0.006200308911502361
0.012670057825744152
0.012237354181706905
0.0059522660449147224
0.006860731635242701
0.004565104376524687
0.0027267802506685257
0.00208584894426167
0.0021284199319779873
0.001835147850215435
0.002062511397525668
0.0014520054683089256
0.0014447238063439727
0.0015245190588757396
0.0016543589299544692
0.0014909651363268495
0.00229787640273571
0.008227965794503689
0.009979083202779293
0.009059336967766285
0.004758391994982958
0.003454481717199087
0.0028347549960017204
0.0019603839609771967
0.0019329896895214915
0.0017582203727215528
0.002649650676175952
0.0029954591300338507
0.00408258568495512
0.0033000409603118896
0.004852585960179567
0.004275283310562372
0.004722060635685921
0.0040284194983541965
0.004446395207196474
0.003334705252200365
0.0022408096119761467
0.002743990160524845
0.0063881902024149895
0.006765785161405802
0.00557017931714654
0.003584020771086216
0.003568862332031131
0.004482173826545477
0.0022985204122960567
0.002232133410871029
0.001902457675896585
0.0016375024570152164
0.0022977881599217653
0.0025168079882860184
0.0038789226673543453
0.0036963860038667917
0.004308099392801523
0.004619893617928028
0.005809001158922911
0.002916960744187236
0.0026573040522634983
0.0016412758268415928
0.0014833929017186165
0.001632094383239746
0.002088595414534211
0.0023808516561985016
0.002822107868269086
0.00322083942592144
0.00599695136770606
0.011724462732672691
0.011236847378313541
0.004946856293827295
0.0026500041130930185
0.0007405097130686045
0.0004464891680981964
0.0003793677606154233
0.0004210804763715714
0.0007990005542524159
0.002289033029228449
0.004035711754113436
0.006673716939985752
0.0070184944197535515
0.005936590954661369
0.004683034960180521
0.005265712272375822
0.003920392133295536
0.0034402573946863413
0.002616369631141424
0.0025734426453709602
0.0024482731241732836
0.0014985640300437808
0.002002507681027055
0.0019096871837973595
0.00239295931532979
0.002610035240650177
0.0028625992126762867
0.0031114695593714714
0.003840874647721648
0.007597209420055151
0.012098473496735096
0.010071468539536
0.006028063129633665
0.0028000548481941223
0.0012427351903170347
0.0010029776021838188
0.00046755545190535486
0.0007317971903830767
0.0013254438526928425
0.0012868125922977924
0.0012941111344844103
0.0017161081777885556
0.0027915635146200657
0.004877224564552307
0.006233632564544678
0.005959896370768547
0.0053641521371901035
0.004869924858212471
0.0036080768331885338
0.006321760360151529
0.007243645843118429
0.0059065548703074455
0.003533186623826623
0.0022092482540756464
0.0010361624881625175
0.0006679818616248667
0.00035825054510496557
0.00038812021375633776
0.0003089778183493763
0.0005999188288114965
0.0008012139587663114
0.001430315780453384
0.002123594516888261
0.004990799352526665
0.00893954187631607
0.014978515915572643
0.007529481779783964
0.004698832519352436
0.003551874775439501
0.0019036621088162065
0.0015011439099907875
0.0012236221227794886
0.0009982048068195581
0.0009365848964080215
0.0009081714670173824
0.0010475523304194212
0.0018608920508995652
0.0037093255668878555
0.005122785456478596
0.006708364933729172
0.006986203137785196
0.008422640152275562
0.0027023202273994684
0.002428264357149601
0.0013257921673357487
0.0016986691625788808
0.001094530918635428
0.001185908680781722
0.0009773910278454423
0.0013317340053617954
0.002657625125721097
0.004717704840004444
0.0063053094781935215
0.008297180756926537
0.007237998768687248
0.007848359644412994
0.003053658874705434
0.002678407821804285
0.004575771279633045
0.008335646241903305
0.0050478000193834305
0.0033741400111466646
0.001957421889528632
0.0015302211977541447
0.0012979438761249185
0.0014893360203132033
0.002442209515720606
0.002628138056024909
0.002566001145169139
0.0033298637717962265
0.0043369741179049015
0.0037949986290186644
0.0024987137876451015
0.004370338749140501
0.0034336268436163664
0.002592626493424177
0.002561737084761262
0.003957253880798817
0.004840306472033262
0.003901753341779113
0.004185481928288937
0.004056818317621946
0.0036343226674944162
0.00391737325116992
0.0034764213487505913
0.002978774718940258
0.002678578719496727
0.0025469816755503416
0.001960843103006482
0.0020431852899491787
0.0017748282989487052
0.003292709356173873
0.006474223919212818
0.007559263147413731
0.005047427490353584
0.002386484993621707
0.002006489085033536
0.002034009899944067
0.002057587495073676
0.0037000456359237432
0.004537107422947884
0.005884232930839062
0.006944180000573397
0.005453554913401604
0.004170654341578484
0.002418332500383258
0.001753058168105781
0.0017332177376374602
0.0007009560358710587
0.0007980952505022287
0.001005915692076087
0.0018196589080616832
0.0025807307101786137
0.005238007288426161
0.006324589252471924
0.007636813912540674
0.0063761137425899506
0.004528603050857782
0.0022591024171561003
0.0008451305329799652
0.0008799866773188114
0.0010385503992438316
0.0007867502281442285
0.0007368981023319066
0.0008814111934043467
0.0015906107146292925
0.0030140092130750418
0.0067274742759764194
0.006947371177375317
0.006403372157365084
0.004196508321911097
0.00499669648706913
0.0034039667807519436
0.004030873998999596
0.0035842149518430233
0.0026877489872276783
0.0014624035684391856
0.0013819019077345729
0.0010561352828517556
0.0012762736296281219
0.0009276574710384011
0.0008113471558317542
0.0011824466055259109
0.0027845287695527077
0.004658426623791456
0.00910947285592556
0.007001744583249092
0.00476238364353776
0.0020255569834262133
0.0009845803724601865
0.0005409680306911469
0.0006343059940263629
0.0009050747030414641
0.0010521328076720238
0.002397608244791627
0.003767627291381359
0.005715582519769669
0.006715231575071812
0.006709979847073555
0.0057722534984350204
0.00661842105910182
0.005495280493050814
0.003582312259823084
0.002836032537743449
0.001786494511179626
0.0014660757733508945
0.0013931381981819868
0.0018349293386563659
0.0019892475102096796
0.002881112042814493
0.001640357542783022
0.002564016031101346
0.0037057583685964346
0.005845959298312664
0.006222038064152002
0.0060635036788880825
0.004887394141405821
0.0046711754985153675
0.003003516001626849
0.0030985090415924788
0.0023114110808819532
0.0016521827783435583
0.0017533451318740845
0.0019508436089381576
0.002027740702033043
0.0027566540520638227
0.0031104523222893476
0.00422496534883976
0.0058629815466701984
0.005797105375677347
0.0041346303187310696
0.0037400454748421907
0.002989217871800065
0.0026528623420745134
0.0018059228314086795
0.002130385721102357
0.0016531357541680336
0.001995156519114971
0.0019103018566966057
0.0017817893531173468
0.002439628355205059
0.003966865129768848
0.006142088677734137
0.011222640052437782
0.006285705603659153
0.003608371363952756
0.0015931695234030485
0.0018329559825360775
0.0011282783234491944
0.0008064857101999223
0.001164431101642549
0.0020340015180408955
0.002393487375229597
0.004377780016511679
0.004540441557765007
0.005196976009756327
0.005262758582830429
0.005826454143971205
0.0036043087020516396
0.0018361429683864117
0.0015533562982454896
0.0014584730379283428
0.0009708373108878732
0.0008227548096328974
0.0008911429322324693
0.0014440820086747408
0.003471107454970479
0.0051436396315693855
0.003524452680721879
0.004583854228258133
0.005307506304234266
0.005843096412718296
0.004229649435728788
0.004497723653912544
0.004487197380512953
0.00435422919690609
0.0021016120444983244
0.0015083318576216698
0.0008578572887927294
0.0007860860787332058
0.0007519125356338918
0.001297630020417273
0.0023828893899917603
0.00461845938116312
0.004111794289201498
0.005996388848870993
0.0060044098645448685
0.006190342828631401
0.003325182246044278
0.002714558271691203
0.0026144105941057205
0.0025117737241089344
0.0018124411581084132
0.0015550249954685569
0.0021273016463965178
0.004102678969502449
0.0041540395468473434
0.005065571051090956
0.0059692831709980965
0.006801245734095573
0.003991414327174425
0.0016143826069310308
0.0018084782641381025
0.0015295015182346106
0.0011391761945560575
0.001306584570556879
0.0011754160514101386
0.0015785020077601075
0.0020766351372003555
0.004129952285438776
0.004890540614724159
0.003602655604481697
0.004662194289267063
0.008693262003362179
0.006507120095193386
0.004610812291502953
0.003043318632990122
0.002577698789536953
0.0010868734680116177
0.001099375425837934
0.0005803343374282122
0.0006042607710696757
0.00032223796006292105
0.0005120381829328835
0.0006724691484123468
0.0012494534021243453
0.002507813973352313
0.0058938441798090935
0.006954644341021776
0.007186743430793285
0.005898931063711643
0.005273051094263792
0.0027633667923510075
0.0020322983618825674
0.0013464631047099829
0.0011501824483275414
0.0009926543571054935
0.001547337044030428
0.0024019675329327583
0.004358936101198196
0.007745344657450914
0.005491212476044893
0.004774020053446293
0.00198135944083333
0.0014085657894611359
0.0013699070550501347
0.0012103414628654718
0.0011972030624747276
0.002498933579772711
0.003551106434315443
0.0033765113912522793
0.003915698733180761
0.005807442124933004
0.006513459607958794
0.0023921956308186054
0.0024874883238226175
0.0018378316890448332
0.0019352107774466276
0.0018176964949816465
0.001585481921210885
0.001974670449271798
0.002317264676094055
0.00277337827719748
0.006295542698353529
0.005609699059277773
0.005428371485322714
0.0043922290205955505
0.0042746588587760925
0.002284112386405468
0.0009672757005318999
0.0005417799111455679
0.0005357708432711661
0.0011026328429579735
0.0019535243045538664
0.0032071052119135857
0.004647502209991217
0.006797247566282749
0.008454184047877789
0.007792813237756491
0.006325768772512674
0.0027093372773379087
0.002275746315717697
0.0018553382251411676
0.0017578213009983301
0.0010047091636806726
0.0006419226992875338
0.0011010454036295414
0.0014509460888803005
0.0026462064124643803
0.004525419324636459
0.004667008761316538
0.005470656789839268
0.004332997370511293
0.00280884001404047
0.0025193553883582354
0.0024998080916702747
0.0021870394703000784
0.0021615801379084587
0.0017312861746177077
0.002107392530888319
0.005591107066720724
0.007608575280755758
0.0033930581994354725
0.0024350204039365053
0.0023443344980478287
0.0020395461469888687
0.003441842505708337
0.005698001943528652
0.004055754281580448
0.0030248481780290604
0.0013376465067267418
0.00077646947465837
0.00041453083395026624
0.0005794579046778381
0.0004921813379041851
0.0007962969830259681
0.002043904038146138
0.004413585178554058
0.0035339570604264736
0.006116577424108982
0.005186473950743675
0.005323704332113266
0.0046966783702373505
0.0027140548918396235
0.0020688502117991447
0.002372497459873557
0.002331313444301486
0.0030774257611483335
0.0022347643971443176
0.0028352909721434116
0.003308163955807686
0.004482729360461235
0.005303428042680025
0.00422142306342721
0.003966853488236666
0.004786603152751923
0.0027670846320688725
0.0023912200704216957
0.002122732577845454
0.0023990562185645103
0.002386425854638219
0.0025561980437487364
0.002004595473408699
0.0021796245127916336
