0.8489834666252136
0.3560420274734497
0.20199422538280487
0.1449030190706253
0.1036110669374466
0.0996827483177185
0.06369706988334656
0.07428643852472305
0.07669040560722351
0.09614917635917664
0.061869263648986816
0.06630474328994751
0.04898080974817276
0.0534684844315052
0.04690815880894661
0.046082545071840286
0.050281450152397156
0.06872254610061646
0.0870426669716835
0.059995345771312714
0.03894706070423126
0.02547929249703884
0.017561249434947968
0.02550887130200863
0.03097938559949398
0.04042935371398926
0.048113152384757996
0.0647728368639946
0.07628229260444641
0.05350206419825554
0.03787846863269806
0.02513352781534195
0.01982240192592144
0.013971040025353432
0.011573655530810356
0.01630748249590397
0.009511809796094894
0.008183540776371956
0.008479796350002289
0.006365157198160887
0.009785107336938381
0.00951449852436781
0.021758997812867165
0.06575716286897659
0.13045960664749146
0.08434847742319107
0.05630571022629738
0.022757744416594505
0.014617448672652245
0.00700262188911438
0.0070781586691737175
0.005484964232891798
0.0055024949833750725
0.006067188456654549
0.01014897134155035
0.02237536385655403
0.042334407567977905
0.06649599224328995
0.06218118965625763
0.025084547698497772
0.013821997679769993
0.011299317702651024
0.008893770165741444
0.007523834705352783
0.011501507833600044
0.01983405277132988
0.028166165575385094
0.030079251155257225
0.036899715662002563
0.037548184394836426
0.04351094737648964
0.0316089503467083
0.023550286889076233
0.016530651599168777
0.0197188388556242
0.019259659573435783
0.01802167110145092
0.012921632267534733
0.011743561364710331
0.008069675415754318
0.008076783269643784
0.009358304552733898
0.013961327262222767
0.018017498776316643
0.029931185767054558
0.04832671582698822
0.05240913853049278
0.02523037977516651
0.013117952272295952
0.004739406518638134
0.0036360889207571745
0.001942027360200882
0.0027918375562876463
0.0023138991091400385
0.0022997388150542974
0.003381504910066724
0.003469910239800811
0.006521231960505247
0.018428249284625053
0.044778261333703995
0.07275281846523285
0.03693049028515816
0.03025389276444912
0.016085702925920486
0.011050400324165821
0.005758179817348719
0.00445339223369956
0.00335842277854681
0.003668092889711261
0.005277804099023342
0.005468493793159723
0.006907724309712648
0.01300046592950821
0.021908141672611237
0.03250774368643761
0.023936044424772263
0.02313816547393799
0.019766081124544144
0.023507101461291313
0.019194863736629486
0.015621683560311794
0.010044344700872898
0.0070950682274997234
0.007628024090081453
0.01030711643397808
0.013943863101303577
0.017901327461004257
0.015062081627547741
0.014132421463727951
0.011458873748779297
0.014776986092329025
0.01733996532857418
0.022110624238848686
0.01617380417883396
0.01533283106982708
0.01339697279036045
0.015797210857272148
0.0197742972522974
0.019016943871974945
0.013665830716490746
0.011924519203603268
0.0061294641345739365
0.004593743942677975
0.0031184072140604258
0.003427602583542466
0.007971695624291897
0.013809113763272762
0.020077494904398918
0.029180366545915604
0.023330332711338997
0.020130157470703125
0.012680956162512302
0.011510616168379784
0.007333718705922365
0.005893244873732328
0.004642936401069164
0.0062586343847215176
0.008201312273740768
0.012248680926859379
0.012649237178266048
0.015224996954202652
0.012809764593839645
0.01331176795065403
0.019683700054883957
0.024591224268078804
0.013075551018118858
0.010451899841427803
0.009070941247045994
0.010618751868605614
0.009382303804159164
0.009394338354468346
0.007277392782270908
0.00717941066250205
0.008878376334905624
0.011859532445669174
0.010912133380770683
0.01524986233562231
0.013686771504580975
0.01587873138487339
0.01369151845574379
0.013261288404464722
0.012193157337605953
0.011536422185599804
0.00850712787359953
0.00782847311347723
0.006509267259389162
0.007747120223939419
0.007587692700326443
0.008873580023646355
0.009169093333184719
0.010310608893632889
0.0065824841149151325
0.005947144702076912
0.005396315362304449
0.0060585541650652885
0.007501036394387484
0.014376136474311352
0.01969055086374283
0.021883351728320122
0.01648801378905773
0.016127917915582657
0.006559533532708883
0.0034346329048275948
0.0014592914376407862
0.0012837516842409968
0.0015008997870609164
0.0019131249282509089
0.003383716568350792
0.006068224087357521
0.012381983920931816
0.02690109796822071
0.020547129213809967
0.024150528013706207
0.014572102576494217
0.012913166545331478
0.008278165943920612
0.007084665820002556
0.006877807900309563
0.00561796547845006
0.004541134461760521
0.003988421056419611
0.004141607787460089
0.006212024483829737
0.005650337319821119
0.009180044755339622
0.012305141426622868
0.016823038458824158
0.01746571622788906
0.01869373768568039
0.007105815224349499
0.00643454072996974
0.005224177613854408
0.004547096788883209
0.004379079211503267
0.00835483055561781
0.010600466281175613
0.013170260936021805
0.009078850038349628
0.009226965717971325
0.00778253935277462
0.010758677497506142
0.00960560142993927
0.007666510529816151
0.007568750996142626
0.007991298101842403
0.006082274951040745
0.006791002117097378
0.005569879896938801
0.008186687715351582
0.00958884134888649
0.013802514411509037
0.014993328601121902
0.01604481413960457
0.008245808072388172
0.005836742930114269
0.004600448999553919
0.004997340962290764
0.004986845422536135
0.006190055049955845
0.007058978546410799
0.012175032868981361
0.01803804188966751
0.019896863028407097
0.01018731202930212
0.006808806676417589
0.0037136629689484835
0.003936177585273981
0.00312679260969162
0.0018733148463070393
0.0015237538609653711
0.002054257784038782
0.003435706254094839
0.006465654354542494
0.010444244369864464
0.01784254051744938
0.014120685867965221
0.020243454724550247
0.013667857274413109
0.010525536723434925
0.0055446201004087925
0.004053282551467419
0.002701341873034835
0.0016684033907949924
0.0010311630321666598
0.0010434638243168592
0.0015700384974479675
0.001597863039933145
0.002139511052519083
0.0029173537623137236
0.006385411135852337
0.020176034420728683
0.03571195527911186
0.032146330922842026
0.008946115151047707
0.0038468220736831427
0.002110137138515711
0.001734853140078485
0.0010939367348328233
0.0014202867168933153
0.0014986337628215551
0.0008538811816833913
0.0007251828792504966
0.0011456741485744715
0.0011521195992827415
0.0018511094385758042
0.004269491881132126
0.013450670056045055
0.022386454045772552
0.03557843342423439
0.01194715965539217
0.007731353864073753
0.0037465242203325033
0.003330184845253825
0.002409333596006036
0.001913507585413754
0.0014336310559883714
0.0008759280317462981
0.0010461094789206982
0.0016637486405670643
0.0025666477158665657
0.004837009124457836
0.011591390706598759
0.026476766914129257
0.01816350594162941
0.013047010637819767
0.007240175735205412
0.006736311130225658
0.0029783810023218393
0.002740241354331374
0.0014521501725539565
0.0016504370141774416
0.0019510064739733934
0.0028598811477422714
0.0044301520101726055
0.006760258227586746
0.009902246296405792
0.01512843370437622
0.012245341204106808
0.012231653556227684
0.01067059114575386
0.008757393807172775
0.0028526342939585447
0.0016235753428190947
0.001379281864501536
0.000989528838545084
0.0005805231048725545
0.0009350258042104542
0.0014730815310031176
0.00374427018687129
0.007365780882537365
0.016337638720870018
0.016962386667728424
0.019898300990462303
0.018952129408717155
0.013081232085824013
0.004836158361285925
0.002950622234493494
0.0018021989380940795
0.001145109417848289
0.0015260149957612157
0.0012305141426622868
0.0012165327789261937
0.0010915945749729872
0.0013144278200343251
0.0018513998948037624
0.0024997307918965816
0.005699465051293373
0.011875060386955738
0.021171286702156067
0.012974373996257782
0.011764416471123695
0.007005894556641579
0.006048934999853373
0.004648082889616489
0.003943983465433121
0.004075577482581139
0.0055127376690506935
0.006055816542357206
0.005612805485725403
0.004097190219908953
0.008083685301244259
0.011888845823705196
0.01674608699977398
0.010747875086963177
0.008144247345626354
0.0034403640311211348
0.0031209164299070835
0.00264822063036263
0.0023272347170859575
0.0024634043220430613
0.003081247443333268
0.005344160366803408
0.009269779548048973
0.007980180904269218
0.0082747433334589
0.006315952632576227
0.006949685048311949
0.011250939220190048
0.015670232474803925
0.008082497864961624
0.005428584758192301
0.0031549620907753706
0.0017188370693475008
0.001648843172006309
0.0014635456027463078
0.001442869775928557
0.0018840989796444774
0.0033862406853586435
0.003355978522449732
0.00412645423784852
0.007332929875701666
0.009538325481116772
0.013145442120730877
0.0107488464564085
0.012299073860049248
0.006909265648573637
0.00780588760972023
0.006862258538603783
0.006515866611152887
0.0028659964445978403
0.0017587820766493678
0.0020513180643320084
0.0028213164769113064
0.0035919630900025368
0.005400636699050665
0.007754266262054443
0.010591956786811352
0.007919548079371452
0.008902489207684994
0.011211973614990711
0.013518525287508965
0.006397776771336794
0.003514975542202592
0.002550003584474325
0.0017702439799904823
0.0015238625928759575
0.0014938972890377045
0.0016423776978626847
0.0027463010046631098
0.004085896536707878
0.00665745185688138
0.00576735008507967
0.007633498404175043
0.01088152639567852
0.009179476648569107
0.00835483893752098
0.007721594534814358
0.004898187704384327
0.006737041287124157
0.009043815545737743
0.009916480630636215
0.004210945684462786
0.004634328186511993
0.004862586036324501
0.00400834484025836
0.003911115694791079
0.0044270725920796394
0.003739867825061083
0.0036860639229416847
0.005293405149132013
0.007847033441066742
0.006944890134036541
0.006344808731228113
0.003101467387750745
0.0037242851685732603
0.003173952456563711
0.00406636344268918
0.0034409435465931892
0.0029368591494858265
0.0030721405055373907
0.00473030423745513
0.00720848748460412
0.007811453193426132
0.006530902348458767
0.009907991625368595
0.007985592819750309
0.0066508036106824875
0.004139220807701349
0.0035976734943687916
0.002776250010356307
0.0026134068612009287
0.0031721654813736677
0.0022881687618792057
0.003244700375944376
0.007071599829941988
0.010648604482412338
0.012803453952074051
0.007943952456116676
0.005810410249978304
0.0037466969806700945
0.0017285702051594853
0.0021704817190766335
0.002428315347060561
0.0032203462906181812
0.004865158349275589
0.008769526146352291
0.01067474763840437
0.004400998819619417
0.005250658839941025
0.006732300389558077
0.006934255361557007
0.00500336242839694
0.0038607101887464523
0.0029600157868117094
0.002527455100789666
0.003567905630916357
0.006869377102702856
0.009366748854517937
0.010220571421086788
0.005519129801541567
0.006745642516762018
0.007003151345998049
0.007319118827581406
0.0051719676703214645
0.0043107327073812485
0.0030345898121595383
0.003109648823738098
0.003310499479994178
0.0046457755379378796
0.004195379093289375
0.004355031996965408
0.0054099066182971
0.006393942981958389
0.005413902457803488
0.0063465251587331295
0.007708717603236437
0.006605080794543028
0.004770088009536266
0.004088611342012882
0.0027046131435781717
0.002607709961012006
0.0025336607359349728
0.00217537023127079
0.0026069069281220436
0.004622377455234528
0.009436335414648056
0.014895344153046608
0.009400495328009129
0.006264844909310341
0.0029483323451131582
0.0015713409520685673
0.001498962054029107
0.0014277599984779954
0.0019700219854712486
0.0018398510292172432
0.002250472316518426
0.003015749389305711
0.006065027322620153
0.012555152177810669
0.011431691236793995
0.013535398058593273
0.006946960464119911
0.0054955994710326195
0.0033212783746421337
0.002113558119162917
0.001808530418202281
0.001874131616204977
0.0035570848267525434
0.003911221399903297
0.004026080947369337
0.005211119074374437
0.005229995120316744
0.0066903335973620415
0.005383878946304321
0.006171295419335365
0.005389286670833826
0.0064201969653368
0.003666807897388935
0.003093883628025651
0.0026630142237991095
0.0026064193807542324
0.0021909712813794613
0.0033468795008957386
0.00426440080627799
0.006638312246650457
0.008210194297134876
0.011151041835546494
0.007356326095759869
0.006610434036701918
0.004051111172884703
0.004101953469216824
0.0036418025847524405
0.0034181394148617983
0.0032178156543523073
0.0028394830878823996
0.001217313576489687
0.0021456319373100996
0.003494346048682928
0.004056874662637711
0.003929343540221453
0.006336303893476725
0.00823217537254095
0.012551655992865562
0.01088730338960886
0.009216822683811188
0.005457486025989056
0.004457320086658001
0.002678492572158575
0.0020677747670561075
0.0017346475506201386
0.0037786695174872875
0.004900614731013775
0.00526856817305088
0.005380966700613499
0.005365222226828337
0.005276968702673912
0.005881433375179768
0.003961725160479546
0.006184440106153488
0.004871809389442205
0.006926056928932667
0.0069053578190505505
0.004123450256884098
0.002023317851126194
0.0013618672965094447
0.0011666512582451105
0.0010769556974992156
0.0012871383223682642
0.0017249417724087834
0.002696988172829151
0.004722534213215113
0.0070892758667469025
0.010434924624860287
0.00675454456359148
0.00679828692227602
0.004458623938262463
0.0030581005848944187
0.0013043556828051805
0.0011387241538614035
0.0011081164702773094
0.002271384932100773
0.006818713620305061
0.010219445452094078
0.006476385518908501
0.008243903517723083
0.006628410425037146
0.00742341810837388
0.004851920064538717
0.0036601198371499777
0.0030781682580709457
0.00313439778983593
0.0028420290909707546
0.004357189405709505
0.004418756812810898
0.006248518358916044
0.006624172907322645
0.003460235195234418
0.003516650525853038
0.0032927864231169224
0.00295327533967793
0.004369385540485382
0.004246835596859455
0.004419672302901745
0.003639694768935442
0.002365918131545186
0.002448537852615118
0.0022097446490079165
0.003560008481144905
0.008714557625353336
0.011336407624185085
0.012932883575558662
0.004508376587182283
0.0032600497361272573
0.003349598031491041
0.0029826753307133913
0.0021073154639452696
0.0023313916753977537
0.0013652213383466005
0.001068596262484789
0.0010074707679450512
0.0008191456436179578
0.0009216201142407954
0.001462543848901987
0.002874064724892378
0.00740197254344821
0.008216039277613163
0.010131530463695526
0.005977739579975605
0.00842005293816328
0.0052727567963302135
0.0019043916836380959
0.0016017620218917727
0.0013707710895687342
0.0018113360274583101
0.002852336736395955
0.003580995136871934
0.003757250029593706
0.004073347896337509
0.005935711786150932
0.005592645611613989
0.005502426065504551
0.004294542595744133
0.002906475681811571
0.003930502105504274
0.009255665354430676
0.006402803584933281
0.0053583295084536076
0.0025406237691640854
0.0018232516013085842
0.001473595853894949
0.001379878493025899
0.0008255495922639966
0.0009022682788781822
0.0009408171754330397
0.001053736312314868
0.0014087907038629055
0.0024662259966135025
0.003937552683055401
0.00897869560867548
0.011512219905853271
0.013867556117475033
0.00741324620321393
0.004847618751227856
0.0030156350694596767
0.0024346562568098307
0.0018610151018947363
0.0016500396886840463
0.0015488150529563427
0.0016328017227351665
0.0012626120587810874
