0.32710421085357666
0.348710298538208
0.30046966671943665
0.18558789789676666
0.17216579616069794
0.217875674366951
0.1789979189634323
0.18747152388095856
0.1886906772851944
0.16871745884418488
0.14311550557613373
0.13322269916534424
0.15375898778438568
0.1461362987756729
0.1784147322177887
0.16543704271316528
0.16985878348350525
0.1393304467201233
0.12889912724494934
0.1410471796989441
0.1777391880750656
0.14814764261245728
0.15426208078861237
0.1526566445827484
0.18109087646007538
0.1656218320131302
0.11253798753023148
0.1682267189025879
0.1659708470106125
0.15913288295269012
0.13102054595947266
0.11704424768686295
0.20862159132957458
0.17723064124584198
0.11925684660673141
0.14556077122688293
0.10979437083005905
0.13616447150707245
0.08986354619264603
0.13811416923999786
0.1765078753232956
0.13718199729919434
0.13108371198177338
0.15187568962574005
0.16201719641685486
0.1045970618724823
0.15634074807167053
0.1580827683210373
0.1331203579902649
0.10037937760353088
0.1352839469909668
0.1725539267063141
0.13642898201942444
0.1299913078546524
0.13715657591819763
0.12747441232204437
0.15605464577674866
0.12524822354316711
0.10743017494678497
0.13646216690540314
0.16498403251171112
0.10785194486379623
0.15154071152210236
0.15509125590324402
0.14850929379463196
0.1201605349779129
0.12403930723667145
0.11209413409233093
0.1392425000667572
0.12705212831497192
0.12926262617111206
0.10276081413030624
0.14000195264816284
0.09100716561079025
0.13499698042869568
0.12137410044670105
0.1078207790851593
0.1242595836520195
0.0650278776884079
0.14864160120487213
0.09449050575494766
0.0928661897778511
0.12011881917715073
0.14835642278194427
0.1079472154378891
0.10704870522022247
0.14480295777320862
0.13665033876895905
0.06945192068815231
0.13080471754074097
0.11731019616127014
0.13685685396194458
0.1370602548122406
0.13647198677062988
0.10296575725078583
0.11773106455802917
0.1197933778166771
0.1058223620057106
0.09749343991279602
0.07892289012670517
0.12591248750686646
0.12014640867710114
0.11349961906671524
0.14381328225135803
0.14477916061878204
0.11994849145412445
0.1311623454093933
0.11986688524484634
0.08815987408161163
0.0887884646654129
0.1067475825548172
0.11098042130470276
0.10657075047492981
0.08536148071289062
0.07935941964387894
0.1238255500793457
0.07398596405982971
0.13387185335159302
0.11016277968883514
0.11661700904369354
0.08419685065746307
0.09014024585485458
0.11744777858257294
0.08563290536403656
0.10856988281011581
0.10759270936250687
0.11074177920818329
0.07092069089412689
0.0890975371003151
0.1354585736989975
0.11943026632070541
0.15841102600097656
0.09775941073894501
0.10981464385986328
0.09225573390722275
0.0662989690899849
0.0909411609172821
0.10437002032995224
0.11597048491239548
0.11670289188623428
0.13164396584033966
0.07131855189800262
0.09195541590452194
0.06766016781330109
0.13239406049251556
0.09282787144184113
0.07619298249483109
0.10673410445451736
0.14253991842269897
0.12080247700214386
0.08765486627817154
0.08267589658498764
0.13797594606876373
0.08649586886167526
0.12582577764987946
0.12907040119171143
0.11591953039169312
0.1264776587486267
0.11668999493122101
0.10479020327329636
0.11228214204311371
0.13027246296405792
0.10672733187675476
0.10454369336366653
0.09854798018932343
0.09100155532360077
0.09661491215229034
0.1364566832780838
0.13106119632720947
0.10889628529548645
0.11135073751211166
0.09536957740783691
0.12735618650913239
0.10581452399492264
0.1112714558839798
0.13359497487545013
0.10051067173480988
0.11486667394638062
0.0895848274230957
0.10697811841964722
0.08961417526006699
0.10402347892522812
0.0981689840555191
0.10754159837961197
0.13031364977359772
0.09277530014514923
0.14196299016475677
0.15070481598377228
0.11484017223119736
0.13386408984661102
0.12327602505683899
0.07613590359687805
0.10799561440944672
0.0930454432964325
0.11024536192417145
0.08582223951816559
0.07831836491823196
0.09756272286176682
0.10437610745429993
0.09657392650842667
0.09101281315088272
0.06960534304380417
0.08747407793998718
0.13281595706939697
0.11219196021556854
0.06638634949922562
0.09175562113523483
0.09364649653434753
0.10975484549999237
0.09806081652641296
0.14667703211307526
0.10096944123506546
0.1190468966960907
0.1254366934299469
0.08205760270357132
0.15438467264175415
0.06917326897382736
0.0884099081158638
0.1125313863158226
0.13140179216861725
0.11549369990825653
0.08178284019231796
0.1000327318906784
0.08615480363368988
0.07275025546550751
0.062339600175619125
0.08802732825279236
0.10267526656389236
0.05118918791413307
0.0830404981970787
0.12354058027267456
0.07689430564641953
0.17039042711257935
0.06990751624107361
0.112087681889534
0.10097336024045944
0.1152728945016861
0.07701577991247177
0.10239529609680176
0.12002454698085785
0.08772671967744827
0.0628063976764679
0.09741365164518356
0.06183934211730957
0.1527884155511856
0.1255800873041153
0.11197265982627869
0.11268474906682968
0.12746568024158478
0.07180865854024887
0.08477170765399933
0.09448011219501495
0.09047342091798782
0.14187459647655487
0.06877300143241882
0.07294914126396179
0.07157985866069794
0.11286041140556335
0.10222448408603668
0.10843940079212189
0.11162872612476349
0.09838207066059113
0.10379047691822052
0.1136590763926506
0.08089638501405716
0.10193704813718796
0.08142005652189255
0.0520450696349144
0.07519464939832687
0.0549033023416996
0.08482418209314346
0.06720505654811859
0.12287184596061707
0.08415917307138443
0.05367137864232063
0.10742582380771637
0.09160269796848297
0.09947647899389267
0.10455022007226944
0.11618900299072266
0.1200576052069664
0.0641934722661972
0.12084100395441055
0.0721384584903717
0.09998468309640884
0.07145901769399643
0.08797872811555862
0.092779740691185
0.08492584526538849
0.1375112384557724
0.09567642211914062
0.07610257714986801
0.12197141349315643
0.11942601948976517
0.07480794191360474
0.1212645024061203
0.13382476568222046
0.09282519668340683
0.06223747879266739
0.05619218945503235
0.0939297303557396
0.048543814569711685
0.07288237661123276
0.09457898139953613
0.07691528648138046
0.043208133429288864
0.11583347618579865
0.1066204383969307
0.07971379160881042
0.07554807513952255
0.05214427784085274
0.06042187660932541
0.08381342887878418
0.08733146637678146
0.09448119252920151
0.10492528975009918
0.0970817357301712
0.06347932666540146
0.07551181316375732
0.08178311586380005
0.09210021048784256
0.08605228364467621
0.07699175179004669
0.09462779760360718
0.08010368049144745
0.11309875547885895
0.05131250247359276
0.1257084608078003
0.1086285412311554
0.08030154556035995
0.06037484481930733
0.09135235100984573
0.04987187683582306
0.10153251886367798
0.07650599628686905
0.09396029263734818
0.08302391320466995
0.10201796889305115
0.10055531561374664
0.10300867259502411
0.09223458915948868
0.07412787526845932
0.09078451246023178
0.08140528947114944
0.07489647716283798
0.0803055465221405
0.12954729795455933
0.1076066866517067
0.08088167011737823
0.11205495893955231
0.07292760163545609
0.07715734094381332
0.11065986752510071
0.1192893236875534
0.07437162846326828
0.08382320404052734
0.1355612426996231
0.06895666569471359
0.08317843079566956
0.09431011974811554
0.09192091971635818
0.03966952860355377
0.05206577852368355
0.09805785119533539
0.08455004543066025
0.07938221096992493
0.10416140407323837
0.08100057393312454
0.04412394389510155
0.08833494037389755
0.07855828106403351
0.09457603096961975
0.12627486884593964
0.0921507254242897
0.06101053208112717
0.09532571583986282
0.09134496748447418
0.09360289573669434
0.09611636400222778
0.1356961876153946
0.08053970336914062
0.05461063235998154
0.05775998905301094
0.0719330683350563
0.08671904355287552
0.08598381280899048
0.06907973438501358
0.07299041002988815
0.06433330476284027
0.08340652287006378
0.08527418971061707
0.09620200842618942
0.096109539270401
0.07628501206636429
0.04804330691695213
0.06535981595516205
0.057449694722890854
0.118136465549469
0.09271427989006042
0.08118551224470139
0.08048981428146362
0.10253781080245972
0.1189926266670227
0.10219632089138031
0.0933726578950882
0.13316847383975983
0.10084401071071625
0.0998820811510086
0.09464890509843826
0.11634902656078339
0.08239725977182388
0.05662819743156433
0.1444385051727295
0.11055134981870651
0.12071231007575989
0.05172460526227951
0.10712359100580215
0.06226630136370659
0.11613204330205917
0.08825411647558212
0.09575560688972473
0.050995465368032455
0.09656011313199997
0.07211457192897797
0.07179299741983414
0.09913220256567001
0.10165950655937195
0.0779462531208992
0.06324481964111328
0.04569575935602188
0.0839792788028717
0.08958517014980316
0.053155384957790375
0.11624976247549057
0.08327379822731018
0.0552922785282135
0.08181862533092499
0.07523690909147263
0.09047961235046387
0.07189200818538666
0.133388951420784
0.10137012600898743
0.05313477665185928
0.12119157612323761
0.0792820155620575
0.05272149667143822
0.05468325316905975
0.08615585416555405
0.08859044313430786
0.06876297295093536
0.13040411472320557
0.06520117074251175
0.06058965623378754
0.11196164786815643
0.05318956449627876
0.07529618591070175
0.08607536554336548
0.07483643293380737
0.10710694640874863
0.05911754444241524
0.0859874039888382
0.0585121214389801
0.10852575302124023
0.07356106489896774
0.1422145515680313
0.05667779967188835
0.0849950984120369
0.07740961015224457
0.0637478232383728
0.1126788929104805
0.08409267663955688
0.10591426491737366
0.06660617142915726
0.05980256199836731
0.05314740538597107
0.09132929891347885
0.09915535151958466
0.09852395206689835
0.07617078721523285
0.10152407735586166
0.09115288406610489
0.0518883615732193
0.0904652401804924
0.0581396147608757
0.148518368601799
0.07812865078449249
0.11609602719545364
0.10155012458562851
0.10054820775985718
0.08916618674993515
0.059678446501493454
0.06717965006828308
0.14089003205299377
0.09767970442771912
0.07733526080846786
0.07774897664785385
0.08357124030590057
0.11057721823453903
0.09166278690099716
0.09115884453058243
0.0709589272737503
0.12242065370082855
0.09269724786281586
0.06930990517139435
0.06437364220619202
0.06973141431808472
0.13611538708209991
0.06949922442436218
0.06809058040380478
0.05199258774518967
0.10390499234199524
0.08528638631105423
0.10574807971715927
0.09650925546884537
0.1257728636264801
0.08261428773403168
0.13585714995861053
0.09297061711549759
0.10091608762741089
0.07234512269496918
0.10744891315698624
0.08908965438604355
0.0666038766503334
0.10366374254226685
0.07471682876348495
0.05757035315036774
0.1272575706243515
0.09712209552526474
0.062270812690258026
0.049040958285331726
0.08212213218212128
0.06543849408626556
0.0917309820652008
0.09473205357789993
0.07029549777507782
0.07804644852876663
0.06609681993722916
0.07193755358457565
0.06959126144647598
0.07739803940057755
0.08079284429550171
0.06189308315515518
0.0886281281709671
0.08219924569129944
0.10294647514820099
0.06360754370689392
0.08570533990859985
0.07658600062131882
0.07422608882188797
0.05642112344503403
0.06542819738388062
0.08349383622407913
0.11134887486696243
0.03826098144054413
0.04995369911193848
0.11200583726167679
0.04758439213037491
0.10055065155029297
0.0609956830739975
0.06521846354007721
0.10811709612607956
0.08949320018291473
0.06562419980764389
0.0659642368555069
0.10014860332012177
0.102582186460495
0.08481249213218689
0.11506934463977814
0.09082089364528656
0.08620476722717285
0.06850133836269379
0.09574529528617859
0.09268437325954437
0.07707211375236511
0.10091502964496613
0.07114951312541962
0.07379092276096344
0.07890663295984268
0.07002264261245728
0.09218065440654755
0.0860164538025856
0.05012011155486107
0.10412468016147614
0.05977582931518555
0.06442579627037048
0.0840284526348114
0.10305707901716232
0.05576854571700096
0.06295714527368546
0.06812185049057007
0.09405797719955444
0.07605766505002975
0.07556641846895218
0.08835788816213608
0.09481340646743774
0.10803385823965073
0.1007307916879654
0.078824982047081
0.0994453877210617
0.04886922240257263
0.10226743668317795
0.08793626725673676
0.0547444112598896
0.11390981823205948
0.09187982231378555
0.0697270929813385
0.08541317284107208
0.07867409288883209
0.073635533452034
0.07903198897838593
0.09370353817939758
0.12663036584854126
0.11692898720502853
0.05615697428584099
0.07068643718957901
0.07191184163093567
0.0676296055316925
0.12879829108715057
0.05822642147541046
0.06841452419757843
0.07675325125455856
0.06591826677322388
0.09780286997556686
0.08799830079078674
0.10993090271949768
0.09150393307209015
0.08459897339344025
0.06626375764608383
0.08014747500419617
0.056942254304885864
0.11287391930818558
0.10285034775733948
0.06509247422218323
0.07983227074146271
0.07010410726070404
0.09457245469093323
0.09727760404348373
0.08183005452156067
0.11776313185691833
0.14254002273082733
0.06096970662474632
0.07423920184373856
0.06132345274090767
0.10108078271150589
0.052644453942775726
0.05992491543292999
0.07964344322681427
0.12828734517097473
0.05552150681614876
0.08943347632884979
0.08119238168001175
0.03800911828875542
0.0769510492682457
0.11151336878538132
0.07790832221508026
0.0735422894358635
0.10349475592374802
0.08065924048423767
0.10938189178705215
0.07564741373062134
0.038765087723731995
0.0607198104262352
0.07229127734899521
0.07032407075166702
0.08880508691072464
0.09275075048208237
0.0964878723025322
0.08065111190080643
0.07467753440141678
0.08162955194711685
0.12427803874015808
0.10195156186819077
0.0738414078950882
0.09866084903478622
0.07828822731971741
0.0742642730474472
0.09603837877511978
0.07873322814702988
0.08394594490528107
0.17575031518936157
0.07469438761472702
0.12481985241174698
0.06189073994755745
0.07468337565660477
0.10306723415851593
0.06909047067165375
0.07634517550468445
0.08148796111345291
0.06126375123858452
0.03477763012051582
0.05518186092376709
0.06376204639673233
0.12071630358695984
0.12230454385280609
0.09315787255764008
0.08497758209705353
0.06570553034543991
0.10856397449970245
0.0662640631198883
0.09649677574634552
0.09948138892650604
0.09853184968233109
0.1005999743938446
0.09968097507953644
0.12717707455158234
0.09789515286684036
0.06076160818338394
0.09792273491621017
0.12181498855352402
0.11763004213571548
0.11393806338310242
0.1158570945262909
0.10087160766124725
0.030561380088329315
0.11993560194969177
0.13464224338531494
0.07573238015174866
0.03984009101986885
0.12472230195999146
0.02638138271868229
0.06625305116176605
0.08203675597906113
0.07799170166254044
0.12350369244813919
0.08103421330451965
0.1059514582157135
0.06799179315567017
0.08842144161462784
0.10880718380212784
0.08771510422229767
0.07730668038129807
0.048939283937215805
0.08547068387269974
0.11159831285476685
0.0976351723074913
0.055615149438381195
0.11476493626832962
0.07087310403585434
0.09036761522293091
0.10002526640892029
0.052972957491874695
0.09317369759082794
0.0764763280749321
0.07542810589075089
0.10014323890209198
0.11467307806015015
0.06530027091503143
0.07416483014822006
0.07594338059425354
0.11076769977807999
0.08733279258012772
0.06524528563022614
0.09456594288349152
0.09486591070890427
0.08637800067663193
0.0821465477347374
0.07297924906015396
0.0710562989115715
0.06728191673755646
0.06841292232275009
0.11147978901863098
0.09925480931997299
0.07070541381835938
0.10724752396345139
0.06355556845664978
0.08640418946743011
0.05429115146398544
0.06034587323665619
0.10186094045639038
0.12426600605249405
0.05636019632220268
0.07451499253511429
0.13031600415706635
0.08377759903669357
0.08259959518909454
0.06639405339956284
0.09448200464248657
0.07810492813587189
0.11089625954627991
0.0881478413939476
0.04624789580702782
0.03500540554523468
0.11858739703893661
0.11969512701034546
0.035617366433143616
0.09097856283187866
0.10434034466743469
0.09169602394104004
0.06827093660831451
0.056899696588516235
0.11023315787315369
0.0653785914182663
0.061626773327589035
0.13529013097286224
0.08136189728975296
0.06433581560850143
0.07951544970273972
0.0788412019610405
0.04989278316497803
0.0596080906689167
0.10151343047618866
0.09415257722139359
0.04977872222661972
0.09644573926925659
0.08845407515764236
0.0438721664249897
0.08315542340278625
0.06783997267484665
0.07704989612102509
0.06748078018426895
0.061321921646595
0.09633772820234299
0.09346113353967667
0.052190519869327545
0.0933968722820282
0.10453979671001434
0.05635780468583107
0.07735450565814972
0.11906750500202179
0.12153636664152145
0.08927907794713974
0.11009285598993301
0.1257055550813675
0.0857580378651619
0.07720588892698288
0.09577210247516632
0.09757913649082184
0.12368706613779068
0.11614278703927994
0.06612012535333633
0.09023915231227875
0.11863426119089127
0.06043575704097748
0.07921729981899261
0.10681791603565216
0.13515698909759521
0.11782119423151016
0.08081426471471786
0.06132158637046814
0.09666179865598679
0.10146903991699219
0.06195807456970215
0.13744167983531952
0.10252172499895096
0.07659533619880676
0.06549010425806046
0.0791751965880394
0.09832614660263062
0.08610661327838898
0.1381942182779312
0.0790489912033081
0.0911601334810257
0.09311216324567795
0.07549649477005005
0.060684073716402054
0.08843618631362915
0.0693955272436142
0.0938720628619194
0.09241466224193573
0.09201738238334656
0.11596406996250153
0.11251296103000641
0.07840818911790848
0.05920885503292084
0.1392059475183487
0.07884862273931503
0.04222818836569786
0.1035371869802475
0.08214075863361359
0.054681695997714996
0.06938204169273376
0.05015570670366287
0.06401874870061874
0.06548886001110077
0.1275387406349182
0.08544694632291794
0.05259772762656212
0.05148758739233017
0.11144302040338516
0.0399596244096756
0.09071190655231476
0.08803419768810272
0.058272503316402435
0.09912296384572983
0.10418136417865753
0.06818021088838577
0.06042880192399025
0.08961780369281769
0.06945359706878662
0.1029706746339798
0.08004294335842133
0.11400266736745834
0.07113511860370636
0.09406029433012009
0.07061690837144852
0.10190317034721375
0.07121202349662781
0.0825534537434578
0.12324920296669006
0.07323119789361954
0.10688504576683044
0.07437606155872345
0.06889542192220688
0.09142664074897766
0.06429172307252884
0.10584350675344467
0.12640155851840973
0.07137748599052429
0.08216439932584763
0.13588328659534454
0.06356638669967651
0.08514711260795593
0.09304255247116089
0.07499327510595322
0.05962499976158142
0.0710005909204483
0.0573187880218029
0.07835995405912399
0.05677371844649315
0.10342369973659515
0.06335558742284775
0.06905847787857056
0.05109821632504463
0.06750817596912384
0.06209494546055794
0.08003973215818405
0.09256911277770996
0.09434341639280319
0.0338408425450325
0.0655258297920227
0.0675133541226387
0.07820191979408264
0.09236955642700195
0.1015072613954544
0.062286749482154846
0.07194015383720398
0.09947912395000458
0.14147423207759857
0.1020260825753212
0.056948356330394745
0.08615167438983917
0.08329331129789352
0.07125386595726013
0.06033461168408394
0.06392111629247665
0.077790766954422
0.09147375822067261
0.1139238178730011
0.11032447963953018
0.08079127222299576
0.07800880074501038
0.08960529416799545
0.08040779083967209
0.04235729202628136
0.08217120915651321
0.09940419346094131
0.07906395196914673
0.08668127655982971
0.09825760871171951
0.0763394683599472
0.08084246516227722
0.07783008366823196
0.061970874667167664
0.1408054679632187
0.07227842509746552
0.1237965002655983
0.07369174808263779
0.06955530494451523
0.06377006322145462
0.025952519848942757
0.08512194454669952
0.07357342541217804
0.16486778855323792
0.06411360949277878
0.051553867757320404
0.10122711956501007
0.07065094262361526
0.09388451278209686
0.09543158859014511
0.046238966286182404
0.11615875363349915
0.10897240787744522
0.08405055850744247
0.08749765157699585
0.14973334968090057
0.06115648150444031
0.08271853625774384
0.062093909829854965
0.049756623804569244
0.055929407477378845
0.1063087061047554
0.0646173283457756
0.0583433099091053
0.08841356635093689
0.04622653126716614
0.10323875397443771
0.10517831146717072
0.09929332137107849
0.08105410635471344
0.0998484343290329
0.06186229735612869
0.06844653934240341
0.09781378507614136
0.10361555218696594
0.0759785920381546
0.041339293122291565
0.06283289194107056
0.08136057108640671
0.09235381335020065
0.0831507220864296
0.07553872466087341
0.07446109503507614
0.054031237959861755
0.06609570980072021
0.08625694364309311
0.10993089526891708
0.10194000601768494
0.057345274835824966
0.06791829317808151
0.04692501574754715
0.1120731458067894
0.041857317090034485
0.11506704241037369
0.1109987422823906
0.0800623670220375
0.08152560144662857
0.057323604822158813
0.05404793843626976
0.10444991290569305
0.0593334324657917
0.06605283915996552
0.07660286873579025
0.07292716950178146
0.07642772048711777
0.07650968432426453
0.10480178147554398
0.06649814546108246
0.08129283040761948
0.085136778652668
0.08157039433717728
0.07872764021158218
0.07911796867847443
0.044502973556518555
0.10244285315275192
0.08659789711236954
0.08936706185340881
0.08003152161836624
0.06899227946996689
0.0743078887462616
0.12493633478879929
0.10293615609407425
0.07400178909301758
0.08268527686595917
0.09223635494709015
0.059969887137413025
0.10512319207191467
0.06688705086708069
0.08088473230600357
0.062407154589891434
0.09483394771814346
0.07077552378177643
0.12535817921161652
0.14075712859630585
0.0610877089202404
0.09694972634315491
0.08637093752622604
0.12232175469398499
0.09449901431798935
0.12148498743772507
0.09326639026403427
0.10990067571401596
0.062178436666727066
0.10784114897251129
0.08448372781276703
0.09885606914758682
0.06558378040790558
0.12889982759952545
0.059343621134757996
0.08996963500976562
0.07203242927789688
0.09291523694992065
0.0974968746304512
0.11047079414129257
0.08955475687980652
0.08355021476745605
0.11528429388999939
0.10840450972318649
0.07049302756786346
0.1288231909275055
0.05969860032200813
0.07224118709564209
0.05827603489160538
0.07524892687797546
0.10401773452758789
0.06909170746803284
0.09334621578454971
0.06874077022075653
0.09657177329063416
0.0828254297375679
0.090186707675457
0.0782444030046463
0.06077311933040619
0.0971735268831253
0.12686476111412048
0.07678606361150742
0.08053871244192123
0.12294290214776993
0.07803540676832199
0.10090598464012146
0.08220306038856506
0.05128660798072815
0.10470283776521683
0.10660373419523239
0.0801866427063942
0.12607866525650024
0.10175507515668869
0.04380672797560692
0.102234847843647
0.07040803134441376
0.07788516581058502
0.0714879184961319
0.10533391684293747
0.053414858877658844
0.06228327378630638
0.07015670090913773
0.09837184846401215
0.14088454842567444
0.10902269184589386
0.13220316171646118
0.143320232629776
0.11951715499162674
0.05857494845986366
0.10115306824445724
0.07861102372407913
0.06550733745098114
0.07575161755084991
0.07127047330141068
0.052574917674064636
0.08537561446428299
0.0891682431101799
0.05311472713947296
0.03214706480503082
0.040583547204732895
0.06272049993276596
0.10306722670793533
0.0656636655330658
0.04988395795226097
0.04900306090712547
0.06578384339809418
0.08280845731496811
0.11981353908777237
0.09191199392080307
0.10337398201227188
0.08786116540431976
0.06398872286081314
0.11416472494602203
0.13253605365753174
0.09850196540355682
0.07224064320325851
0.11968230456113815
0.08317065984010696
0.06377825140953064
0.06808856129646301
0.13698618113994598
0.06825289875268936
0.05562072619795799
0.056773506104946136
0.1337461620569229
0.13375520706176758
0.03024175576865673
0.11672285199165344
0.0866609737277031
0.08702792227268219
0.1309763491153717
0.09126777946949005
0.03870612010359764
0.12514550983905792
0.06023497134447098
0.07705751806497574
0.059909287840127945
0.08056067675352097
0.07941777259111404
0.10154635459184647
0.11361207067966461
0.07746535539627075
0.07156161218881607
0.07639823108911514
0.05714216083288193
0.04000532999634743
0.05108461529016495
0.08700744807720184
0.10539810359477997
0.10825161635875702
0.024582214653491974
0.09327534586191177
0.12619656324386597
0.09065642952919006
0.047964196652173996
0.04234315827488899
0.13746194541454315
0.07152899354696274
0.06871960312128067
0.09825083613395691
0.06684534251689911
0.07009267807006836
0.10101231932640076
0.04641124606132507
0.09131936728954315
0.08631262928247452
0.12027426064014435
0.06831303238868713
0.12235532701015472
0.1643223762512207
0.06593754142522812
0.06027642637491226
0.06617897748947144
0.07230360805988312
0.0822354331612587
0.07935770601034164
0.11878963559865952
0.08610589802265167
0.17016395926475525
0.09103576838970184
0.11611108481884003
0.06148839369416237
0.07237226516008377
0.12270591408014297
0.05556079372763634
0.07563832402229309
0.08737870305776596
0.07067376375198364
0.09174808859825134
0.0562305673956871
0.0706828236579895
0.06772031635046005
0.12135916948318481
0.08470676094293594
0.08765682578086853
0.09168907254934311
0.07822645455598831
0.06655754894018173
0.03852049633860588
0.1291273981332779
0.07732050865888596
0.11946666985750198
0.11925718188285828
0.10251164436340332
0.060512855648994446
0.07856197655200958
0.07924763113260269
0.07622099667787552
0.09008777886629105
0.07426050305366516
0.09076698124408722
0.1255587637424469
0.07842550426721573
0.0979330912232399
0.05299198254942894
0.09791973233222961
0.09241479635238647
0.08740739524364471
0.14129599928855896
0.0852481946349144
0.10580688714981079
0.07436153292655945
0.08692093938589096
0.07746448367834091
0.10414569079875946
0.04770149290561676
0.06820972263813019
0.07037771493196487
0.030107781291007996
0.06606337428092957
0.06720048934221268
0.07823240756988525
0.09313403815031052
0.07168623805046082
0.07461674511432648
0.10093389451503754
0.06462188065052032
0.11904573440551758
0.06696616113185883
0.09145084023475647
0.08910162001848221
0.10574404895305634
0.08926582336425781
0.06440532952547073
0.07976993173360825
0.10619863867759705
0.06612757593393326
0.08846833556890488
0.08886972069740295
0.13752876222133636
0.09629815816879272
0.09688311815261841
0.09493608772754669
0.06741923093795776
0.10054243355989456
0.0906425192952156
0.08599243313074112
0.048420313745737076
0.05059298500418663
0.10836849361658096
0.0732220858335495
0.07632844895124435
0.05777951702475548
0.08180210739374161
0.11384215950965881
0.09075463563203812
0.09496470540761948
0.08304309099912643
0.06906891614198685
0.11435236781835556
0.04820982366800308
0.07666382193565369
0.10721983760595322
0.06938508152961731
0.058649901300668716
0.11446613073348999
0.0943531021475792
0.08992354571819305
0.07473260909318924
0.037678975611925125
0.07230723649263382
0.07560974359512329
0.07962720096111298
0.07337114214897156
0.053147897124290466
0.11067026108503342
0.07999287545681
0.08055561780929565
0.10332901030778885
0.03932499140501022
0.0940992459654808
0.07131969928741455
0.07829555869102478
0.06980117410421371
0.0861041471362114
0.08891294151544571
0.10464610159397125
0.09981025010347366
0.0729624480009079
0.07981522381305695
0.12501245737075806
0.0753384530544281
0.07093150913715363
0.10997956991195679
0.04785571247339249
0.10953197628259659
0.042202796787023544
0.04445470869541168
0.08505122363567352
0.07837161421775818
0.062369778752326965
0.05218459665775299
0.0811622366309166
0.11640296876430511
0.10681445896625519
0.07183059304952621
0.0796254500746727
0.07897245138883591
0.06848396360874176
0.09732549637556076
0.07471773028373718
0.09056135267019272
0.08791037648916245
0.07638958096504211
0.05298556759953499
0.09296201914548874
0.10947274416685104
0.10594252496957779
0.11632541567087173
0.11988388746976852
0.0880269706249237
0.08339875936508179
0.0881504938006401
0.09042107313871384
0.06450387835502625
0.08493740111589432
0.10921717435121536
0.09616896510124207
0.09135746955871582
0.06968072056770325
0.04168374836444855
0.09739942848682404
0.0936783030629158
0.08973187208175659
0.094566710293293
0.1010829284787178
0.07985135912895203
0.09096107631921768
0.09984728693962097
0.07840060442686081
0.06145018711686134
0.06306811422109604
0.09662976861000061
0.11545488983392715
0.08885103464126587
0.060130368918180466
0.11652840673923492
0.095940001308918
0.08442878723144531
0.07086213678121567
0.08577064424753189
0.09939401596784592
0.11418941617012024
0.08711887151002884
0.1468249261379242
0.09293784946203232
0.1128164678812027
0.03454034402966499
0.05640244856476784
0.049679771065711975
0.09872861951589584
0.0718332976102829
0.10166148841381073
0.051065705716609955
0.08143142610788345
0.10280440002679825
0.11301660537719727
0.10709409415721893
0.06562034785747528
0.06822101771831512
0.05932269245386124
0.08805759251117706
0.09235232323408127
0.09057788550853729
0.0650702491402626
0.08249252289533615
0.04309525340795517
0.09112436324357986
0.09648820757865906
0.08781515806913376
0.06286399811506271
0.052922673523426056
0.113660529255867
0.07586417347192764
0.09109124541282654
0.07919947057962418
0.11935066431760788
0.06129966676235199
0.08174245059490204
0.06765166670084
0.13476978242397308
0.07328718155622482
0.06977339088916779
0.08764196187257767
0.08120416849851608
0.06383980065584183
0.09546826034784317
0.06234872713685036
0.10320129245519638
0.11085506528615952
0.10214969515800476
0.08213819563388824
0.07480219006538391
0.12340372055768967
0.07776424288749695
0.08795932680368423
0.09765052050352097
0.036547333002090454
0.0958532840013504
0.10075964033603668
0.08002547919750214
0.07074476033449173
0.06761510670185089
0.08230385184288025
0.07018834352493286
0.057121265679597855
0.07489297538995743
0.06905534863471985
0.10347472131252289
0.1034872904419899
0.0967569649219513
0.07312197983264923
0.09682077169418335
0.07584254443645477
0.08827631920576096
0.1017448678612709
0.07464288920164108
0.08590753376483917
0.05829561874270439
0.05900026857852936
0.05781262367963791
0.09373049437999725
0.10053574293851852
0.07756128907203674
0.06874702870845795
0.11743249744176865
0.09235330671072006
0.10912145674228668
0.09223543852567673
0.07182597368955612
0.06822582334280014
0.052969444543123245
0.0791410431265831
0.08944740146398544
0.11093293875455856
0.054556217044591904
0.09858646988868713
0.09455598890781403
0.09652392566204071
0.0791999027132988
0.0746208131313324
0.08816017955541611
0.07657702267169952
0.05641886219382286
0.07867066562175751
0.07298342883586884
0.07618122547864914
0.06485020369291306
0.0533389188349247
0.0730743333697319
0.07926195114850998
0.11357944458723068
0.0676366314291954
0.11587758362293243
0.06091475486755371
0.1030501276254654
0.09690074622631073
0.13556692004203796
0.09116165339946747
0.0897543728351593
0.10145994275808334
0.0869041383266449
0.09626142680644989
0.06993769854307175
0.07780902087688446
0.13544084131717682
0.08741512894630432
0.07324166595935822
0.08850713819265366
0.09424770623445511
0.08067295700311661
0.11136770248413086
0.10476423054933548
0.07238118350505829
0.09362002462148666
0.08873067051172256
0.04940849915146828
0.058564405888319016
0.08565271645784378
0.08589863777160645
0.12906630337238312
0.10399752855300903
0.051898013800382614
0.04067838191986084
0.07599128782749176
0.07256153970956802
0.07337787747383118
0.0977523922920227
0.08546914160251617
0.09046214818954468
0.06956444680690765
0.09920137375593185
0.07311122864484787
0.06127096712589264
0.09032030403614044
0.03893968462944031
0.08079452812671661
0.08034171164035797
0.04605948552489281
0.08351250737905502
0.0610523521900177
0.07992282509803772
0.0754309669137001
0.07184585928916931
0.09690975397825241
0.08665183186531067
0.061288900673389435
0.05459136888384819
0.07450790703296661
0.1089058592915535
0.05085170641541481
0.11518672853708267
0.059689585119485855
0.10197517275810242
0.11812832951545715
0.09026180952787399
0.1302230805158615
0.09158086031675339
0.08984461426734924
0.08065856993198395
0.0935063287615776
0.08087863773107529
0.05707408860325813
0.08819989114999771
0.0771385133266449
0.08241177350282669
0.08357033133506775
0.08117914944887161
0.12427404522895813
0.09828773140907288
0.11559953540563583
0.10396481305360794
0.09421062469482422
0.09352326393127441
0.10236412286758423
0.12150795757770538
0.09835685044527054
0.13299180567264557
0.05051403492689133
0.06978750228881836
0.1070789322257042
0.07844149321317673
0.06882995367050171
0.07989561557769775
0.0702255442738533
0.1002483144402504
0.0874415785074234
0.05317710340023041
0.05459897965192795
0.06961183249950409
0.0787644162774086
0.08992233127355576
0.1431739777326584
0.10282979905605316
0.08683375269174576
0.06541384011507034
0.07542897015810013
0.08057787269353867
0.08505422621965408
0.10105304419994354
0.0956423357129097
0.10400369018316269
0.13505049049854279
0.08531913161277771
0.08737949281930923
0.04984581097960472
0.08225945383310318
0.07491617649793625
0.04582586884498596
0.12115298956632614
0.11048080772161484
0.05491074547171593
0.06668537855148315
0.08937020599842072
0.08053510636091232
0.07399999350309372
0.06705845147371292
0.06306782364845276
0.12048488855361938
0.08086828887462616
0.10398074239492416
0.06868746131658554
0.08259660005569458
0.11738527566194534
0.03653029724955559
0.07166082412004471
0.06986112892627716
0.10037029534578323
0.1475951224565506
0.09634485095739365
0.051227129995822906
0.08456543833017349
0.11067427694797516
0.08311272412538528
0.10141465067863464
0.08350732922554016
0.06809531897306442
0.09908908605575562
0.09325296431779861
0.08084473013877869
0.08541368693113327
0.08545442670583725
0.07495247572660446
0.077064648270607
0.09147658944129944
0.12179898470640182
0.1054515466094017
0.07298930734395981
0.0917043685913086
0.05741337314248085
0.10297073423862457
0.07005365192890167
0.07239001989364624
0.0793515145778656
0.11284971982240677
0.051372405141592026
0.09678495675325394
0.11380627751350403
0.0921047106385231
0.08068795502185822
0.08417998999357224
0.14311380684375763
0.10153593868017197
0.09621480852365494
0.133991539478302
0.11094192415475845
0.04679090902209282
0.0809985101222992
0.08440320193767548
0.0595521405339241
0.08343920111656189
0.11517178267240524
0.08529771119356155
0.06639385968446732
0.06245795637369156
0.06500980257987976
0.07857858389616013
0.11532377451658249
0.04930124804377556
0.05433150380849838
0.10947509855031967
0.039661187678575516
0.0795702338218689
0.08828505873680115
0.03740684688091278
0.06617538630962372
0.08627548813819885
0.10779456794261932
0.07929278165102005
0.06821546703577042
0.09678339958190918
0.06239279732108116
0.08293914794921875
0.10112332552671432
0.07122168689966202
0.12284933775663376
0.08106823265552521
0.103167325258255
0.06144129857420921
0.08841408044099808
0.0954952985048294
0.03293278440833092
0.0728902593255043
0.09978993237018585
0.08610479533672333
0.08437354117631912
0.11256347596645355
0.07301493734121323
0.06506302207708359
0.10516511648893356
0.05726517736911774
0.053729187697172165
0.050614189356565475
0.10139302909374237
0.08634097129106522
0.10638926178216934
0.10725221037864685
0.07080085575580597
0.1301775574684143
0.10545358061790466
0.03552500903606415
0.08203969895839691
0.0559057742357254
0.0684589222073555
0.057600174099206924
0.08487710356712341
0.06048072874546051
0.02915297821164131
0.09595486521720886
0.09856390208005905
0.07179296016693115
0.0780005231499672
0.11288346350193024
0.13303641974925995
0.06727278977632523
0.13689322769641876
0.09436337649822235
0.10745100677013397
0.11786408722400665
0.07583177089691162
0.12076429277658463
0.07193099707365036
0.13564762473106384
0.11776211857795715
0.08866513520479202
0.11063585430383682
0.04330350086092949
0.11596788465976715
0.09053356200456619
0.11005181074142456
0.0985146313905716
0.059884075075387955
0.09156076610088348
0.0753304660320282
0.0807085931301117
0.07941550016403198
0.08639267086982727
0.09665809571743011
0.07312136888504028
0.10202581435441971
0.06675843894481659
0.10813190788030624
0.06270164996385574
0.07205753028392792
0.07965889573097229
0.0743504986166954
0.09675750136375427
0.1067698672413826
0.09908975660800934
0.0780334621667862
0.06859984993934631
0.06163214519619942
0.11029472202062607
0.07410995662212372
0.08774790167808533
0.07300110906362534
0.09608278423547745
0.10449498146772385
0.029643232002854347
0.08015435934066772
0.06442098319530487
0.08637519180774689
0.06773996353149414
0.05847763642668724
0.05296160280704498
0.07935912907123566
0.09027907252311707
0.08010122925043106
0.07928704470396042
0.12574896216392517
0.11983660608530045
0.11479220539331436
0.12374348938465118
0.07558857649564743
0.09279284626245499
0.046094898134469986
0.040104612708091736
0.0611201636493206
0.11774446815252304
0.048813704401254654
0.13793165981769562
0.09752938896417618
0.1131737232208252
0.0609927661716938
0.05553720146417618
0.08985979855060577
0.07658914476633072
0.058460816740989685
0.04372905194759369
0.08673600107431412
0.09511083364486694
0.05708777904510498
0.10567127913236618
0.0963069275021553
0.06394847482442856
0.07695626467466354
0.08723869919776917
0.08412745594978333
0.07732467353343964
0.07167702913284302
0.08599750697612762
0.10492140054702759
0.10886526852846146
0.06662078946828842
0.04815443605184555
0.10546436905860901
0.0767134502530098
0.08073194324970245
0.08608575165271759
0.04801125079393387
0.10221734642982483
0.08255420625209808
0.07661938667297363
0.06377319246530533
0.04300208017230034
0.07254640758037567
0.06302960216999054
0.07620881497859955
0.05613112077116966
0.0415206179022789
0.07840485870838165
0.10213558375835419
0.1210133358836174
0.09010368585586548
0.08641288429498672
0.09016633033752441
0.08372563123703003
0.12565356492996216
0.09345343708992004
0.09791629761457443
0.07929639518260956
0.120374396443367
0.08561316132545471
0.0582602396607399
0.12467358261346817
0.1124805361032486
0.09489818662405014
0.076829694211483
0.06904439628124237
0.0623023696243763
0.10108137130737305
0.09630060195922852
0.10823151469230652
0.11358270794153214
0.05279866233468056
0.0884770005941391
0.055743418633937836
0.09438402950763702
0.08803404122591019
0.06430362910032272
0.11035819351673126
0.09388232976198196
0.08619794994592667
0.060641344636678696
0.10092080384492874
0.05698990821838379
0.10251852124929428
0.142970472574234
0.09727202355861664
0.08344034105539322
0.06425963342189789
0.09080581367015839
0.09599290043115616
0.10209430009126663
0.08773162215948105
0.11522750556468964
0.07377670705318451
0.06546154618263245
0.04826223477721214
0.04813339561223984
0.04876072332262993
0.07532918453216553
0.0651383325457573
0.07718904316425323
0.10560601949691772
0.10834307968616486
0.06004730239510536
0.0658414289355278
0.08663122355937958
0.08886761963367462
0.10701426863670349
0.0961388424038887
0.09560813754796982
0.061937861144542694
0.11465223133563995
0.10488741099834442
0.07243689894676208
0.06994929164648056
0.12165433168411255
0.07642313092947006
0.0884324461221695
0.0907762348651886
0.06178406625986099
0.08266293257474899
0.10790896415710449
0.08418142050504684
0.0836065411567688
0.07944780588150024
0.06734687089920044
0.04799172282218933
0.051687516272068024
0.06121759116649628
0.11401735246181488
0.1178097277879715
0.11848317086696625
0.036897577345371246
0.11723364889621735
0.04936401546001434
0.10811372846364975
0.09507259726524353
0.10210031270980835
0.09222789853811264
0.06534519791603088
0.09367179870605469
0.061006274074316025
0.04553819075226784
0.06776440888643265
0.10247553139925003
0.10913446545600891
0.13138800859451294
0.0772269070148468
0.1132805272936821
0.06085897982120514
0.09212744981050491
0.09664728492498398
0.08555888384580612
0.11249446868896484
0.08686123788356781
0.05404115095734596
0.10795637220144272
0.11352425813674927
0.09338314831256866
0.09521413594484329
0.1043117418885231
0.04435620456933975
0.08613736182451248
0.06741838157176971
0.06373382359743118
0.07899152487516403
0.09540161490440369
0.08120600879192352
0.09172310680150986
0.09183598309755325
0.15198172628879547
0.08578664064407349
0.03335556387901306
0.09107057750225067
0.06260686367750168
0.10135287046432495
0.09818210452795029
0.06325919926166534
0.10793274641036987
0.09867235273122787
0.07426895201206207
0.06404012441635132
0.08001430332660675
0.06354251503944397
0.07420768588781357
0.09237837791442871
0.13170389831066132
0.07759027928113937
0.08929052203893661
0.13443942368030548
0.061548687517642975
0.10055948048830032
0.03581997752189636
0.085258848965168
0.0985662043094635
0.07397228479385376
0.07486815005540848
0.11215206235647202
0.07522440701723099
0.10418439656496048
0.06904254108667374
0.049880389124155045
0.0922761932015419
0.07894818484783173
0.07973916828632355
0.05841847509145737
0.06511721014976501
0.1024530827999115
0.09567849338054657
0.062237080186605453
0.1132846549153328
0.06530480086803436
0.049808330833911896
0.08722589164972305
0.07274327427148819
0.09557504951953888
0.04375401884317398
0.09281590580940247
0.12005172669887543
0.03720661625266075
0.08884120732545853
0.08259911835193634
0.09314887970685959
0.09351731091737747
0.10836827009916306
0.08808289468288422
0.07904016971588135
0.08281969279050827
0.08111263066530228
0.09998355805873871
0.052713848650455475
0.11519896239042282
0.08566072583198547
0.10972445458173752
0.11542373895645142
0.09120180457830429
0.07674914598464966
0.05994601175189018
0.08105599135160446
0.08901571482419968
0.08501151949167252
0.05509959161281586
0.07249071449041367
0.08525507897138596
0.11393318325281143
0.1204662024974823
0.04076162725687027
0.1229141503572464
0.1036837100982666
0.04548707604408264
0.052284516394138336
0.07630786299705505
0.08382535725831985
0.11061666160821915
0.054704513400793076
0.0888669490814209
0.08969399333000183
0.06195405125617981
0.07567020505666733
0.060787998139858246
0.08468762040138245
0.07089917361736298
0.08569478988647461
0.07881749421358109
0.1011977419257164
0.08935832977294922
0.08462494611740112
0.0852879136800766
0.11569295078516006
0.055801358073949814
0.13443458080291748
0.12202887237071991
0.08918604254722595
0.07704119384288788
0.08656397461891174
0.10139155387878418
0.07101082056760788
0.041346292942762375
0.08073141425848007
0.08124607056379318
0.08722121268510818
0.10354308038949966
0.09355588257312775
0.10111673176288605
0.10452727973461151
0.05302109196782112
0.06515130400657654
0.060181573033332825
0.06204484403133392
0.05605166777968407
0.06197298690676689
0.07053674757480621
0.083458311855793
0.11018512398004532
0.12431806325912476
0.051003094762563705
0.12256035953760147
0.0811951756477356
0.08735860139131546
0.07363889366388321
0.09575067460536957
0.0703209787607193
0.08724731206893921
0.09623248130083084
0.057040534913539886
0.10985429584980011
0.09762308746576309
0.07531186938285828
0.0720684826374054
0.06441788375377655
0.0922340676188469
0.1266171783208847
0.09078401327133179
0.07504058629274368
0.06545759737491608
0.0928218811750412
0.07630366086959839
0.06644980609416962
0.11668627709150314
0.08178223669528961
0.08651893585920334
0.07291227579116821
0.05962589755654335
0.08698242157697678
0.09380660951137543
0.05993692949414253
0.10341014713048935
0.07175508141517639
0.05207798629999161
0.1094210222363472
0.08122555911540985
0.07839753478765488
0.10977837443351746
0.09584178775548935
0.0783500075340271
0.08622141927480698
0.05999625846743584
0.09216570109128952
0.10166632384061813
0.0641070008277893
0.05854037404060364
0.07726216316223145
0.08847479522228241
0.11181794852018356
0.07773073762655258
0.06295429170131683
0.062424659729003906
0.1076439917087555
0.08877236396074295
0.061413418501615524
0.06681205332279205
0.07117484509944916
0.05532769858837128
0.08470108360052109
0.059703025966882706
0.12733019888401031
0.0825587660074234
0.07258015125989914
0.1135207936167717
0.06184828653931618
0.06468916684389114
0.07584250718355179
0.11861560493707657
0.10201450437307358
0.08198792487382889
0.05473461002111435
0.0634196400642395
0.09332043677568436
0.1343154013156891
0.09149562567472458
0.09624509513378143
0.04624583572149277
0.08894471079111099
0.06830628961324692
0.08479250222444534
0.10143188387155533
0.15043111145496368
0.08365049213171005
0.061056047677993774
0.13645392656326294
0.07306864112615585
0.09101586043834686
0.08538999408483505
0.09471146762371063
0.09424079954624176
0.09567327797412872
0.10479866713285446
0.09315357357263565
0.09461282938718796
0.07649136334657669
0.08631256222724915
0.049134768545627594
0.079136922955513
0.08346550911664963
0.0680488646030426
0.11306049674749374
0.04073239862918854
0.10784237086772919
0.07816600054502487
0.05760262534022331
0.10976003855466843
0.13168439269065857
0.04460032284259796
0.1317811906337738
0.09393946826457977
0.07658129930496216
0.08649390935897827
0.06664201617240906
0.040105365216732025
0.07029677927494049
0.08324034512042999
0.09376092255115509
0.12325982004404068
0.08556070923805237
0.09263955056667328
0.0768468976020813
0.11013620346784592
0.05210141837596893
0.06309527158737183
0.06712672114372253
0.0901024267077446
0.0923057347536087
0.09825203567743301
0.0484979972243309
0.11142309010028839
0.1164591982960701
0.08045389503240585
0.06187834590673447
0.03902795538306236
0.12177269160747528
0.05697757378220558
0.07084159553050995
0.059444036334753036
0.07944666594266891
0.06791546195745468
0.10011839866638184
0.0622987374663353
0.07842303067445755
0.05833997577428818
0.06949298083782196
0.08473262190818787
0.06307482719421387
0.09454742074012756
0.09416869282722473
0.07704820483922958
0.07086889445781708
0.05608542263507843
0.08132470399141312
0.09779606759548187
0.10489089041948318
0.08370303362607956
0.06753800809383392
0.12401365488767624
0.12881892919540405
0.07623624801635742
0.10799065232276917
0.06322771310806274
0.07274792343378067
0.12126797437667847
0.060830678790807724
0.07615578919649124
0.051392197608947754
0.08864256739616394
0.1068108081817627
0.07375410199165344
0.10302142053842545
0.0764186754822731
0.05166207626461983
0.10661601275205612
0.09067859500646591
0.07895064353942871
0.08484214544296265
0.08133756369352341
0.12566854059696198
0.11087476462125778
0.08074541389942169
0.09473487734794617
0.11681314557790756
0.05181139335036278
0.11925560235977173
0.09204147011041641
0.11220840364694595
0.07028309255838394
0.06413309276103973
0.08298996090888977
0.07751264423131943
0.08796824514865875
0.05927613377571106
0.10470057278871536
0.04674724116921425
0.096683070063591
0.05039910227060318
0.06660758703947067
0.08937074989080429
0.09250348806381226
0.0859258770942688
0.08393250405788422
0.09511018544435501
0.08426611870527267
0.058066390454769135
0.09011586010456085
0.05670380964875221
0.09914586693048477
0.0670042335987091
0.0385921485722065
0.07922626286745071
0.1099584773182869
0.08794955909252167
0.07297225296497345
0.08302571624517441
0.10584478080272675
0.07001113146543503
0.09868190437555313
0.07261750102043152
0.11246337741613388
0.0885702595114708
0.07301468402147293
0.06979638338088989
0.07320060580968857
0.08105923980474472
0.08207304775714874
0.08347968012094498
0.0853937640786171
0.07116515189409256
0.10782762616872787
0.0935814306139946
0.08082809299230576
0.07065896689891815
0.09716803580522537
0.0859358087182045
0.07063416391611099
0.053549278527498245
0.09480004012584686
0.06155066564679146
0.07751356810331345
0.03446926921606064
0.07072678208351135
0.10011167824268341
0.11408639699220657
0.0777646154165268
0.06184908747673035
0.08661199361085892
0.07085462659597397
0.1029488816857338
0.09588751196861267
0.08587478846311569
0.09624166786670685
0.07789120823144913
0.11031139642000198
0.08141425997018814
0.0542689673602581
0.07778103649616241
0.1333397924900055
0.09323928505182266
0.07405509054660797
0.07752241939306259
0.0592413991689682
0.1006077378988266
0.0885060504078865
0.13925404846668243
0.10500059276819229
0.0588393434882164
0.07253394275903702
0.10910232365131378
0.07500635832548141
0.0999474748969078
0.06673827022314072
0.09405752271413803
0.08613866567611694
0.09596358984708786
0.09878221154212952
0.10904588550329208
0.06754857301712036
0.05596722289919853
0.06453608721494675
0.1319969743490219
0.08532388508319855
0.11542394757270813
0.08436134457588196
0.09793073683977127
0.09983975440263748
0.10584824532270432
0.09098154306411743
0.09022518247365952
