0.9540103077888489
0.1508699208498001
0.19792617857456207
0.12767557799816132
0.17174939811229706
0.1719774454832077
0.14122621715068817
0.10038024932146072
0.22110119462013245
0.18855810165405273
0.18407966196537018
0.16112913191318512
0.15942108631134033
0.1422816812992096
0.16623717546463013
0.13821053504943848
0.14523406326770782
0.13595736026763916
0.1334173083305359
0.1452568769454956
0.15566200017929077
0.1222669705748558
0.23239730298519135
0.19219154119491577
0.1737038493156433
0.11140189319849014
0.1488218754529953
0.13970576226711273
0.20430979132652283
0.1987891048192978
0.1752307116985321
0.10545862466096878
0.07823729515075684
0.14083103835582733
0.1174241378903389
0.11127764731645584
0.16107429563999176
0.14018003642559052
0.13900034129619598
0.15784350037574768
0.19717857241630554
0.17732612788677216
0.1550944745540619
0.1469782143831253
0.14507301151752472
0.11432371288537979
0.14775148034095764
0.12177827954292297
0.1389141082763672
0.08246453106403351
0.0960683822631836
0.09514886885881424
0.163105770945549
0.14480721950531006
0.1762203574180603
0.13410919904708862
0.0928494930267334
0.11668726056814194
0.11749390512704849
0.15795423090457916
0.1730070561170578
0.14755910634994507
0.1624765247106552
0.09364384412765503
0.20877081155776978
0.16728107631206512
0.15806584060192108
0.10666623711585999
0.12300819158554077
0.11141234636306763
0.11081892997026443
0.12984506785869598
0.13945724070072174
0.10372011363506317
0.16048698127269745
0.12937939167022705
0.09956391155719757
0.16946814954280853
0.15625602006912231
0.1564701795578003
0.12165724486112595
0.11171689629554749
0.15695369243621826
0.1330605298280716
0.09151206165552139
0.0998874306678772
0.09981898963451385
0.09187391400337219
0.12143047153949738
0.18278014659881592
0.10885569453239441
0.10203461349010468
0.11786255240440369
0.1129937618970871
0.09895298629999161
0.09864102303981781
0.1243484765291214
0.11799647659063339
0.10864001512527466
0.08636830002069473
0.1043793186545372
0.09219454973936081
0.14020982384681702
0.11286130547523499
0.10302751511335373
0.10544930398464203
0.10377704352140427
0.08587510883808136
0.0991191416978836
0.0936003178358078
0.10043630003929138
0.10679521411657333
0.09047838300466537
0.09055021405220032
0.10158886760473251
0.09676511585712433
0.14042341709136963
0.17515121400356293
0.0926070436835289
0.09915763884782791
0.09137719869613647
0.10572674870491028
0.12684418261051178
0.11243323981761932
0.08006888628005981
0.1153852641582489
0.10210765898227692
0.09129292517900467
0.07844017446041107
0.10893590748310089
0.11736956238746643
0.11244044452905655
0.09033451229333878
0.13069196045398712
0.08136395364999771
0.09548177570104599
0.099550761282444
0.08890584856271744
0.08867470920085907
0.12589742243289948
0.10066714882850647
0.14455194771289825
0.1589202582836151
0.08215577155351639
0.0921594649553299
0.116859570145607
0.09636005759239197
0.09217624366283417
0.11769958585500717
0.11607569456100464
0.11009064316749573
0.09241332858800888
0.08537925034761429
0.07561635971069336
0.06005401909351349
0.0906059667468071
0.1517447531223297
0.11456287652254105
0.06980331242084503
0.08779457956552505
0.08853626996278763
0.10434450209140778
0.09232082962989807
0.08831435441970825
0.09023049473762512
0.1181039810180664
0.11714233458042145
0.1231880933046341
0.07498663663864136
0.1070840135216713
0.09899942576885223
0.08496513962745667
0.07775196433067322
0.08798728883266449
0.09843423962593079
0.10652589797973633
0.10281042009592056
0.12536515295505524
0.05434258282184601
0.06677031517028809
0.0973154604434967
0.092386394739151
0.11233316361904144
0.08745582401752472
0.09287199378013611
0.083487369120121
0.11251869052648544
0.11742271482944489
0.11536149680614471
0.06841766834259033
0.06391482055187225
0.10656121373176575
0.12031460553407669
0.10146556794643402
0.09003016352653503
0.0712878629565239
0.09399287402629852
0.07678045332431793
0.11374804377555847
0.13750213384628296
0.12701021134853363
0.07601037621498108
0.06975704431533813
0.09705105423927307
0.10207763314247131
0.0881064310669899
0.10276558250188828
0.11924655735492706
0.07328705489635468
0.09147939831018448
0.08788401633501053
0.09291239082813263
0.1192750483751297
0.06127030774950981
0.07740278542041779
0.07841809093952179
0.10151257365942001
0.12211372703313828
0.13468562066555023
0.04980960488319397
0.08341693133115768
0.0977054238319397
0.056469984352588654
0.08723898231983185
0.09792698174715042
0.08906947821378708
0.10727497190237045
0.10170163214206696
0.09924282133579254
0.13023237884044647
0.10772421956062317
0.06658540666103363
0.0832972452044487
0.0776984915137291
0.07392226159572601
0.09444286674261093
0.09008581936359406
0.060200974345207214
0.07727638632059097
0.0878053829073906
0.10863969475030899
0.08045895397663116
0.06557226926088333
0.0809239000082016
0.0759061649441719
0.08960769325494766
0.0862799659371376
0.08598409593105316
0.09623619168996811
0.09881731122732162
0.09099000692367554
0.06360068917274475
0.06203557550907135
0.08271840214729309
0.06811971962451935
0.08444306999444962
0.1034950241446495
0.07644492387771606
0.06604287028312683
0.059328045696020126
0.09701243042945862
0.10265244543552399
0.08338303864002228
0.0751793384552002
0.10068193078041077
0.07709462940692902
0.09752998501062393
0.13887399435043335
0.12990374863147736
0.10693090409040451
0.07583477348089218
0.07881519943475723
0.07998938113451004
0.07593128830194473
0.06395552307367325
0.09040689468383789
0.06675958633422852
0.08314281702041626
0.07549287378787994
0.08987149596214294
0.06701693683862686
0.08624278753995895
0.09263359755277634
0.1319214403629303
0.10489743947982788
0.08849161118268967
0.09572349488735199
0.11071957647800446
0.0838761255145073
0.06875775009393692
0.08301498740911484
0.0903819277882576
0.10975783318281174
0.0914745107293129
0.07482174783945084
0.07275841385126114
0.05489545315504074
0.049583353102207184
0.08506298065185547
0.08549250662326813
0.07734178006649017
0.09275469183921814
0.0944313034415245
0.06380880624055862
0.08012881129980087
0.09098237752914429
0.09802085161209106
0.07015173137187958
0.08919413387775421
0.10057708621025085
0.10849425941705704
0.09297043085098267
0.07977030426263809
0.051952969282865524
0.06879846751689911
0.09153598546981812
0.06513853371143341
0.0831265076994896
0.07109865546226501
0.08755874633789062
0.08323755860328674
0.12685273587703705
0.06634455919265747
0.04723475128412247
0.07647644728422165
0.05446818470954895
0.06895576417446136
0.0890207514166832
0.06297445297241211
0.10167151689529419
0.11007926613092422
0.08335485309362411
0.07570583373308182
0.06414151936769485
0.07463070750236511
0.05019431933760643
0.05647041276097298
0.09815359860658646
0.09982378780841827
0.06681330502033234
0.10069271177053452
0.07778333872556686
0.06786462664604187
0.061278294771909714
0.08273042738437653
0.06806829571723938
0.08716385066509247
0.10066220909357071
0.11748994886875153
0.08311359584331512
0.12268103659152985
0.06596242636442184
0.07033485919237137
0.054779302328825
0.08390185236930847
0.05953831225633621
0.07426095753908157
0.05481457710266113
0.0662010982632637
0.06355372071266174
0.06431426852941513
0.08766678720712662
0.0756913274526596
0.10976633429527283
0.09803622215986252
0.08465515077114105
0.11067420989274979
0.0891205295920372
0.06849547475576401
0.10231130570173264
0.08923885971307755
0.06196754425764084
0.06264366209506989
0.08358372747898102
0.07905389368534088
0.07410693168640137
0.06116633489727974
0.0862150639295578
0.07852412015199661
0.06034891679883003
0.08626417815685272
0.05053446814417839
0.05329649895429611
0.08450374752283096
0.06756226718425751
0.06306466460227966
0.06661882251501083
0.06713064759969711
0.07736228406429291
0.08112049102783203
0.09814111888408661
0.0901818722486496
0.05468697100877762
0.11069325357675552
0.08405099809169769
0.10112042725086212
0.0752028077840805
0.09314534068107605
0.11139266192913055
0.062053222209215164
0.06286167353391647
0.0689573660492897
0.06006880849599838
0.04615272581577301
0.05993877351284027
0.0536658801138401
0.06047616899013519
0.04940205439925194
0.047021690756082535
0.07154680788516998
0.045402903109788895
0.06466476619243622
0.08452057838439941
0.07832221686840057
0.059402819722890854
0.07075676321983337
0.06372608989477158
0.06427697092294693
0.06087692826986313
0.07717742025852203
0.08298154920339584
0.08709974586963654
0.05605729669332504
0.05859218165278435
0.07038908451795578
0.06087341159582138
0.08139285445213318
0.12027342617511749
0.09800083190202713
0.0756114199757576
0.06005331873893738
0.07204901427030563
0.04653524234890938
0.07290144264698029
0.05163981765508652
0.05681181326508522
0.04980388283729553
0.06514216959476471
0.06305631995201111
0.05827447026968002
0.07390651851892471
0.09174289554357529
0.0775904431939125
0.09161083400249481
0.05658190697431564
0.06646786630153656
0.06226511299610138
0.05748101323843002
0.06687987595796585
0.07735200226306915
0.06993204355239868
0.08460528403520584
0.07453548908233643
0.07249815762042999
0.0964398980140686
0.09723848104476929
0.07093128561973572
0.0738881528377533
0.07925162464380264
0.07195543497800827
0.056622158735990524
0.07577373832464218
0.06146824732422829
0.06519226729869843
0.05394624173641205
0.06783851981163025
0.05238540098071098
0.05172547698020935
0.04946490377187729
0.06070330739021301
0.060542549937963486
0.050151873379945755
0.05747729912400246
0.08492574840784073
0.0728895366191864
0.09236267954111099
0.058913007378578186
0.04744081199169159
0.0675799623131752
0.05421501025557518
0.08277803659439087
0.06960832327604294
0.0891149640083313
0.07206166535615921
0.08939345180988312
0.06320890784263611
0.05535370483994484
0.06429938971996307
0.051433686167001724
0.0696360394358635
0.0683768019080162
0.058767493814229965
0.06426207721233368
0.06256622821092606
0.07989954948425293
0.055011849850416183
0.06223493069410324
0.051311053335666656
0.05551116168498993
0.06556859612464905
0.04466719925403595
0.06060066819190979
0.050344571471214294
0.07950190454721451
0.16951559484004974
0.08253646641969681
0.037764161825180054
0.04723261669278145
0.051968708634376526
0.0824541375041008
0.07920783013105392
0.09121708571910858
0.0726642906665802
0.0483100526034832
0.043446607887744904
0.06677580624818802
0.05395630747079849
0.03310571610927582
0.0630694255232811
0.0822368785738945
0.08170675486326218
0.07932756096124649
0.1039200946688652
0.07734577357769012
0.043305110186338425
0.050759296864271164
0.05500199273228645
0.05341437831521034
0.051160067319869995
0.053470298647880554
0.041659001260995865
0.05770435929298401
0.05205630138516426
0.04686925932765007
0.06369847804307938
0.06838392466306686
0.11381914466619492
0.09325166046619415
0.10211324691772461
0.05936505272984505
0.047575607895851135
0.03854434937238693
0.07085061073303223
0.06653383374214172
0.09761662781238556
0.0601518340408802
0.06465263664722443
0.046204760670661926
0.05887603387236595
0.08203793317079544
0.055664852261543274
0.040455278009176254
0.0648927241563797
0.08224864304065704
0.07551512867212296
0.052884478121995926
0.046419158577919006
0.08540554344654083
0.07475209981203079
0.07140800356864929
0.0562734492123127
0.037464484572410583
0.06387720257043839
0.0770130380988121
0.08215083926916122
0.07659228891134262
0.0786493569612503
0.07628212124109268
0.07377053052186966
0.04419697821140289
0.059559162706136703
0.08431386202573776
0.07366227358579636
0.06913053244352341
0.03991778567433357
0.05605079233646393
0.07335130870342255
0.0778992772102356
0.046786241233348846
0.053964581340551376
0.06725046783685684
0.05560443550348282
0.042979124933481216
0.0469583161175251
0.06787168979644775
0.04357336089015007
0.047519974410533905
0.06608326733112335
0.03827570378780365
0.0654497742652893
0.06758212298154831
0.04307796061038971
0.054535817354917526
0.058585163205862045
0.036690935492515564
0.057961467653512955
0.03577465936541557
0.07247288525104523
0.06471523642539978
0.06510469317436218
0.06901579350233078
0.07177478075027466
0.08332694321870804
0.06370049715042114
0.04885988309979439
0.04852268099784851
0.034193191677331924
0.050888385623693466
0.03993847966194153
0.0519280806183815
0.055594488978385925
0.06557608395814896
0.07111039012670517
0.04117223247885704
0.03860359266400337
0.05347032472491264
0.05506642162799835
0.037216346710920334
0.041306495666503906
0.05443901568651199
0.04476017877459526
0.06786355376243591
0.03768329694867134
0.047387827187776566
0.10962914675474167
0.08753851056098938
0.062033090740442276
0.06135290488600731
0.05878535285592079
0.05965268984436989
0.03469529002904892
0.04039228335022926
0.0553000345826149
0.03281585872173309
0.0540057048201561
0.04599539935588837
0.06424624472856522
0.059923380613327026
0.08385971188545227
0.057249050587415695
0.07670064270496368
0.06704578548669815
0.055349092930555344
0.05388835817575455
0.05412362888455391
0.04331905394792557
0.057391487061977386
0.07985380291938782
0.057726889848709106
0.045315008610486984
0.05091684311628342
0.0642462968826294
0.04967917501926422
0.06541807949542999
0.06446485221385956
0.051602210849523544
0.035391125828027725
0.06393091380596161
0.05256543308496475
0.04164941608905792
0.06367204338312149
0.06552736461162567
0.08265608549118042
0.1039714440703392
0.05228623375296593
0.06780669838190079
0.03946799412369728
0.02907649800181389
0.06091383099555969
0.046003807336091995
0.049013566225767136
0.043238602578639984
0.04164494574069977
0.05702761560678482
0.05395134910941124
0.05674292519688606
0.05979682132601738
0.0517188161611557
0.06453011184930801
0.0551409013569355
0.0690443366765976
0.07766807824373245
0.06933838129043579
0.049867019057273865
0.06073620915412903
0.05121893063187599
0.05497574433684349
0.0444473996758461
0.057998161762952805
0.06582337617874146
0.0657920092344284
0.05655103176832199
0.05979924649000168
0.07219677418470383
0.05510183796286583
0.04998808354139328
0.056312885135412216
0.02401544526219368
0.038770854473114014
0.04700775071978569
0.05561177805066109
0.06605058908462524
0.05338307470083237
0.040926165878772736
0.054249878972768784
0.04561914503574371
0.04271500185132027
0.06889565289020538
0.048390910029411316
0.08407766371965408
0.05792992562055588
0.08306118100881577
0.06597855687141418
0.06518718600273132
0.0418732725083828
0.042802099138498306
0.03875972703099251
0.04305562376976013
0.0655738040804863
0.058099616318941116
0.0576881468296051
0.05709366500377655
0.038468752056360245
0.04796421527862549
0.03311557695269585
0.0578702837228775
0.04385421797633171
0.049611955881118774
0.07139895856380463
0.08288740366697311
0.05042428523302078
0.041775841265916824
0.030457761138677597
0.03774479776620865
0.04724271222949028
0.050074733793735504
0.06346842646598816
0.037460505962371826
0.04584726318717003
0.06422051787376404
0.0802595317363739
0.05745961517095566
0.05049262195825577
0.03648610785603523
0.04491468518972397
0.04963589832186699
0.04132306948304176
0.05370115116238594
0.0399075523018837
0.05303720384836197
0.04550673067569733
0.0705839991569519
0.07203014194965363
0.05702875182032585
0.05148337036371231
0.030493292957544327
0.05566922575235367
0.050729602575302124
0.052635349333286285
0.056588202714920044
0.06401221454143524
0.052128370851278305
0.06305274367332458
0.04765772446990013
0.07497399300336838
0.08589086681604385
0.07812133431434631
0.06684485077857971
0.03391026705503464
0.06462661921977997
0.04454944282770157
0.04651572182774544
0.05699426680803299
0.0593869686126709
0.042889922857284546
0.02797587215900421
0.04779215157032013
0.048246026039123535
0.04844161495566368
0.057427503168582916
0.039650946855545044
0.043413858860731125
0.04409177601337433
0.04295213520526886
0.0732872411608696
0.05989684909582138
0.06569080054759979
0.034498587250709534
0.04004045948386192
0.05262254178524017
0.041816554963588715
0.058089885860681534
0.034847013652324677
0.06507816910743713
0.07119251042604446
0.07045581936836243
0.04160263016819954
0.04425183683633804
0.04905994236469269
0.03386489301919937
0.05683412030339241
0.05535897612571716
0.027966124936938286
0.05337248370051384
0.06521200388669968
0.07746031880378723
0.06015206500887871
0.06067989394068718
0.03407666087150574
0.055285900831222534
0.051043376326560974
0.04592686519026756
0.04316513612866402
0.03825179487466812
0.049835942685604095
0.04751821979880333
0.050606146454811096
0.03984300047159195
0.04157572612166405
0.04189363494515419
0.029127592220902443
0.03584667295217514
0.04308087006211281
0.041054610162973404
0.05799011141061783
0.06458141654729843
0.11406446248292923
0.05714072287082672
0.04375721514225006
0.0494697131216526
0.04409368336200714
0.05211121216416359
0.06301461160182953
0.07661478221416473
0.04772305488586426
0.06455984711647034
0.04117744043469429
0.04144874960184097
0.03619219735264778
0.047621313482522964
0.04280330613255501
0.038834501057863235
0.04103729873895645
0.05579166114330292
0.0399056039750576
0.05164489150047302
0.04202358424663544
0.04942609369754791
0.04706239700317383
0.05886881425976753
0.028899390250444412
0.05112086236476898
0.038466740399599075
0.0599321573972702
0.05815359205007553
0.04948055371642113
0.038794923573732376
0.04747944697737694
0.0725521445274353
0.04303031042218208
0.04548285901546478
0.048011962324380875
0.03612761199474335
0.04673856124281883
0.04324128478765488
0.05746929347515106
0.04631328582763672
0.058757901191711426
0.04386511817574501
0.046010617166757584
0.05337335169315338
0.0313577838242054
0.032600391656160355
0.046178147196769714
0.03836672008037567
0.03893345966935158
0.030735597014427185
0.04453721642494202
0.07354480028152466
0.08183661103248596
0.04051942378282547
0.05370570719242096
0.057436615228652954
0.036694541573524475
0.04444553330540657
0.040399257093667984
0.0767521858215332
0.041141580790281296
0.04238639399409294
0.03798234835267067
0.04458945244550705
0.04781578481197357
0.057196397334337234
0.036919135600328445
0.03303075209259987
0.052451666444540024
0.05067482963204384
0.03571401908993721
0.0466202050447464
0.049782298505306244
0.030688896775245667
0.054323650896549225
0.06968120485544205
0.06596074998378754
0.07754261046648026
0.07929044961929321
0.03956049308180809
0.04415176436305046
0.06341034173965454
0.04726407676935196
0.03884890303015709
0.04857870563864708
0.06421814113855362
0.04514632374048233
0.03448345512151718
0.04474278539419174
0.041385468095541
0.038732048124074936
0.04935731366276741
0.04487986117601395
0.0433245413005352
0.05329859256744385
0.04047003388404846
0.04005509242415428
0.044248104095458984
0.059221819043159485
0.05318552628159523
0.0651555210351944
0.05678638443350792
0.041422344744205475
0.043006449937820435
0.060058657079935074
0.05575595051050186
0.0654217079281807
0.052277397364377975
0.0519617460668087
0.040937844663858414
0.03664129227399826
0.03242285177111626
0.036988940089941025
0.042923279106616974
0.054873861372470856
0.038002144545316696
0.041430093348026276
0.033541180193424225
0.04549519717693329
0.07316215336322784
0.04829774051904678
0.056417856365442276
0.035753123462200165
0.059322476387023926
0.03935368359088898
0.06267452985048294
0.06857126951217651
0.05992792919278145
0.034650884568691254
0.04570109397172928
0.04230332374572754
0.03568616881966591
0.04629224166274071
0.0612078532576561
0.040228065103292465
0.030097562819719315
0.036837682127952576
0.03768609091639519
0.04148833826184273
0.04381461441516876
0.03409421071410179
0.03572620078921318
0.03552912548184395
0.046753574162721634
0.04104599356651306
0.055589813739061356
0.050017617642879486
0.03633763641119003
0.054031968116760254
0.042944345623254776
0.07376203685998917
0.02818233333528042
0.03736478462815285
0.04153881594538689
0.055282726883888245
0.04757823050022125
0.03709731623530388
0.029704997316002846
0.03261326998472214
0.03643230348825455
0.05661921575665474
0.060372695326805115
0.06029267609119415
0.05024899169802666
0.05301794409751892
0.04030314087867737
0.037309203296899796
0.05161800980567932
0.0405656136572361
0.023697279393672943
0.04381676763296127
0.035100147128105164
0.04422372952103615
0.0335354320704937
0.06043856218457222
0.0710083395242691
0.04648561030626297
0.03459993004798889
0.04082074016332626
0.04127631336450577
0.05403902009129524
0.05429577827453613
0.04496866092085838
0.05944805219769478
0.0447504036128521
0.04944658651947975
0.058704838156700134
0.051359616219997406
0.03539910912513733
0.047061048448085785
0.03841332346200943
0.04743975028395653
0.03699361905455589
0.030612314119935036
0.043648671358823776
0.0394299179315567
0.03235475718975067
0.04502713680267334
0.02861020341515541
0.039231207221746445
0.038091495633125305
0.03650674223899841
0.047208212316036224
0.027771683409810066
0.03788216784596443
0.061763036996126175
0.06052660569548607
0.07693000137805939
0.04270900785923004
0.05154351890087128
0.04133765399456024
0.03511391952633858
0.04059926047921181
0.03289354220032692
0.04575865715742111
0.036907874047756195
0.04279722273349762
0.03687480092048645
0.04740062355995178
0.03765426576137543
0.06421246379613876
0.0590876042842865
0.044779349118471146
0.03038674034178257
0.047256458550691605
0.03378314524888992
0.04343874752521515
0.05465613678097725
0.0434778593480587
0.03747095167636871
0.044106632471084595
0.03320849686861038
0.028724754229187965
0.03732108697295189
0.055209074169397354
0.08818461745977402
0.039067257195711136
0.02813771925866604
0.023861750960350037
0.033940576016902924
0.03535880893468857
0.02969610132277012
0.046538982540369034
0.036533426493406296
0.050981611013412476
0.023456640541553497
0.03088613972067833
0.039448801428079605
0.05680704489350319
0.04220997169613838
0.038058310747146606
0.026496879756450653
0.03598978370428085
0.03871120512485504
0.053870610892772675
0.03318381682038307
0.044189777225255966
0.04657327011227608
0.05630358308553696
0.055003613233566284
0.0424610897898674
0.03185706585645676
0.0359455831348896
0.018522052094340324
0.032589904963970184
0.048916030675172806
0.04664814472198486
0.03862984478473663
0.03490167856216431
0.05501982197165489
0.04772254079580307
0.05159961059689522
0.038657497614622116
0.037374347448349
0.040896225720644
0.03613363206386566
0.0292691420763731
0.044398967176675797
0.03804202005267143
0.03326095640659332
0.03646064177155495
0.04618031904101372
0.04663880169391632
0.04268121346831322
0.04692463576793671
0.04094710201025009
0.03671393543481827
0.046186674386262894
0.0458710715174675
0.04782790690660477
0.024155965074896812
0.041135720908641815
0.029997076839208603
0.033022232353687286
0.03905278816819191
0.0446477085351944
0.04070067033171654
0.04288241267204285
0.048825815320014954
0.05302774906158447
0.032039154320955276
0.030611388385295868
0.04562179744243622
0.052773021161556244
0.03842538595199585
0.05883289501070976
0.08965176343917847
0.06460823118686676
0.04573417082428932
0.03766247630119324
0.04899487644433975
0.05308343842625618
0.039664436131715775
0.041687317192554474
0.06006835773587227
0.04224651679396629
0.03806910663843155
0.057175591588020325
0.05034070834517479
0.041053567081689835
0.028301725164055824
0.03695768490433693
0.02610354870557785
0.04223345220088959
0.045795369893312454
0.03807235509157181
0.03089245967566967
0.04847695678472519
0.033307600766420364
0.027773762121796608
0.036707617342472076
0.036913398653268814
0.03778698295354843
0.022395942360162735
0.04542665183544159
0.03243086487054825
0.045397501438856125
0.05681987851858139
0.06868864595890045
0.03357510641217232
0.03232252225279808
0.037077438086271286
0.03178165480494499
0.04038870707154274
0.04615197703242302
0.043566733598709106
0.032189201563596725
0.0349697507917881
0.05680113658308983
0.0375688299536705
0.0361606702208519
0.0406421460211277
0.029773220419883728
0.04034234583377838
0.05865130573511124
0.026874370872974396
0.047516465187072754
0.038089483976364136
0.034992266446352005
0.03414143994450569
0.03789578378200531
0.032899435609579086
0.04971744865179062
0.06286605447530746
0.04197228327393532
0.0330788791179657
0.032924212515354156
0.057712115347385406
0.050621528178453445
0.03390364721417427
0.04675532877445221
0.050810638815164566
0.03786244988441467
0.0420687235891819
0.041269127279520035
0.03737685829401016
0.03275829926133156
0.034399207681417465
0.03473576158285141
0.031498853117227554
0.03675723448395729
0.042551107704639435
0.0442742258310318
0.03631427139043808
0.0459512360394001
0.04962342604994774
0.03775005415081978
0.03304336592555046
0.034670304507017136
0.027915628626942635
0.043060459196567535
0.05599721893668175
0.05556906759738922
0.045181866735219955
0.033424485474824905
0.03176374360918999
0.02274557575583458
0.048989634960889816
0.03628619760274887
0.041519537568092346
0.03190862759947777
0.04589500278234482
0.052365560084581375
0.04179593548178673
0.032022081315517426
0.042564380913972855
0.03409748524427414
0.048768363893032074
0.030351603403687477
0.02952764928340912
0.028617333620786667
0.034402620047330856
0.040479645133018494
0.04621649160981178
0.043805934488773346
0.07069116830825806
0.0315009206533432
0.03583328798413277
0.03702487051486969
0.04006465896964073
0.03879731148481369
0.04447638988494873
0.04692968353629112
0.043276265263557434
0.034646175801754
0.03116535395383835
0.014531450346112251
0.05329051613807678
0.04830658808350563
0.051517993211746216
0.036827538162469864
0.04051676765084267
0.04554789140820503
0.04392249882221222
0.034456767141819
0.057334642857313156
0.042433250695466995
0.049164000898599625
0.028434190899133682
0.035966772586107254
0.03239893540740013
0.03896620124578476
0.04638317599892616
0.05923312157392502
0.028040308505296707
0.04400670900940895
0.04165541008114815
0.03235606104135513
0.03263603150844574
0.03598189353942871
0.035230524837970734
0.03202483430504799
0.02688327617943287
0.031809668987989426
0.04313908517360687
0.054344139993190765
0.037635091692209244
0.033685263246297836
0.0362318754196167
0.02962915226817131
0.04146113246679306
0.03883448988199234
0.0411677360534668
0.03187312185764313
0.04163605719804764
0.02740803174674511
0.04392625764012337
0.03867326304316521
0.04060124233365059
0.053886622190475464
0.06577043980360031
0.062985859811306
0.0372290164232254
0.0364953838288784
0.035848937928676605
0.022791871801018715
0.03006867878139019
0.04120692238211632
0.048446882516145706
0.03553451970219612
0.02679179236292839
0.03631000220775604
0.03210441768169403
0.041938021779060364
0.03586478903889656
0.021238921210169792
0.03567662835121155
0.030813314020633698
0.028627581894397736
0.032525017857551575
0.02705664373934269
0.03890339657664299
0.039500508457422256
0.05426366254687309
0.032345328480005264
0.03208480775356293
0.03931456431746483
0.0361790657043457
0.04692479968070984
0.03600520268082619
0.030170975252985954
0.04362885653972626
0.031956277787685394
0.02721335180103779
0.0649164617061615
0.06180490180850029
0.03672919422388077
0.03509487956762314
0.03546725586056709
0.030465370044112206
0.02164931781589985
0.030818216502666473
0.02951507829129696
0.03154289349913597
0.03128933534026146
0.04642805457115173
0.052573319524526596
0.032801903784275055
0.03486623242497444
0.017979180440306664
0.036970507353544235
0.022953776642680168
0.04098733514547348
0.038210317492485046
0.038645338267087936
0.02676570415496826
0.031254515051841736
0.044662151485681534
0.08051520586013794
0.06584516167640686
0.032353684306144714
0.029269646853208542
0.025013679638504982
0.02333320677280426
0.043310537934303284
0.037042729556560516
0.023486655205488205
0.04037584736943245
0.032937318086624146
0.031073274090886116
0.030457183718681335
0.03098909556865692
0.04009951651096344
0.03847132995724678
0.036521151661872864
0.026106655597686768
0.0396835021674633
0.048881594091653824
0.06283311545848846
0.04003388434648514
0.034459859132766724
0.03134589269757271
0.03227284550666809
0.04003165289759636
0.03027176670730114
0.026163971051573753
0.019643189385533333
0.028900213539600372
0.03219437599182129
0.031516820192337036
0.026268338784575462
0.03323950991034508
0.03902176767587662
0.0329899899661541
0.044649723917245865
0.05019059032201767
0.04168203845620155
0.034849606454372406
0.03177937865257263
0.023199046030640602
0.047449372708797455
0.04843674972653389
0.030970633029937744
0.03653600811958313
0.03109689988195896
0.025068417191505432
0.03143973648548126
0.0348091684281826
0.03361658379435539
0.033932894468307495
0.0326094925403595
0.04465006664395332
0.03596840426325798
0.025248287245631218
0.02713336981832981
0.041507214307785034
0.0305912047624588
0.04421427845954895
0.036228667944669724
0.04207979142665863
0.044997259974479675
0.023745911195874214
0.04032840579748154
0.027601607143878937
0.044212456792593
0.058593593537807465
0.06735313683748245
0.033315617591142654
0.030502982437610626
0.026793425902724266
0.033819276839494705
0.027719400823116302
0.023656895384192467
0.04774266853928566
0.047061871737241745
0.03982267901301384
0.04922262206673622
0.039398230612277985
0.037211813032627106
0.0295073501765728
0.0330488458275795
0.037743717432022095
0.022648947313427925
0.03542893007397652
0.04110211879014969
0.04113195464015007
0.025386109948158264
0.0226484052836895
0.02835402451455593
0.029737258329987526
0.026320170611143112
0.045055218040943146
0.02517666295170784
0.02971179038286209
0.0300411656498909
0.026488590985536575
0.029579276219010353
0.036523204296827316
0.05037287250161171
0.07502216100692749
0.054649338126182556
0.03323683142662048
0.024440493434667587
0.029178056865930557
0.03140556439757347
0.030875341966748238
0.0260027926415205
0.02473035641014576
0.04197169467806816
0.03180702030658722
0.026482732966542244
0.03259110078215599
0.03692597895860672
0.03540479764342308
0.03352571651339531
0.026105014607310295
0.02277500554919243
0.032440606504678726
0.03203054517507553
0.037476781755685806
0.03148510307073593
0.020553626120090485
0.040204036980867386
0.07180104404687881
0.08226221054792404
0.04188401252031326
0.03705998882651329
0.025531182065606117
0.02224441058933735
0.02216719649732113
0.03366626426577568
0.02344975247979164
0.030719278380274773
0.028096605092287064
0.032438043504953384
0.03119131363928318
0.023731734603643417
0.037561241537332535
0.032624512910842896
0.0411345511674881
0.04742615297436714
0.026460252702236176
0.03302872180938721
0.03707531839609146
0.05025278404355049
0.04751547798514366
0.03277473524212837
0.032850172370672226
0.028637094423174858
0.030591530725359917
0.022740235552191734
0.035004254430532455
0.02609727531671524
0.04119059070944786
0.05094160884618759
0.03340781107544899
0.041399016976356506
0.05075594782829285
0.0347825288772583
0.026847505941987038
0.03579563647508621
0.035791248083114624
0.027485795319080353
0.025891071185469627
0.02351353131234646
0.01850183866918087
0.02332908660173416
0.02933339774608612
0.03541745990514755
0.03395421430468559
0.05014003813266754
0.03516748920083046
0.03732019290328026
0.024638667702674866
0.036432672291994095
0.061128389090299606
0.05533090978860855
0.03188792243599892
0.02565903589129448
0.027281394228339195
0.02745593525469303
0.025450533255934715
0.025062493979930878
0.027404658496379852
0.02975640445947647
0.021480703726410866
0.048649322241544724
0.023966370150446892
0.037920836359262466
0.0585043802857399
0.052691444754600525
0.047060880810022354
0.03251124545931816
0.044331155717372894
0.03400995582342148
0.025809049606323242
0.026194080710411072
0.038954928517341614
0.027291981503367424
0.028514983132481575
0.01870243065059185
0.01982327550649643
0.03271471709012985
0.028421029448509216
0.02244636043906212
0.024928025901317596
0.029237790033221245
0.028046559542417526
0.0375518836081028
0.023948976770043373
0.05257854610681534
0.03890792280435562
0.030751395970582962
0.02639944478869438
0.03083481825888157
0.019200962036848068
0.03598491847515106
0.03119967132806778
0.03153526782989502
0.030006708577275276
0.029663655906915665
0.02114318311214447
0.020104851573705673
0.028555335476994514
0.038216374814510345
0.04704250395298004
0.038485873490571976
0.023495079949498177
0.021205125376582146
0.023138631135225296
0.02586311288177967
0.040695324540138245
0.0327671654522419
0.02586757391691208
0.02418351173400879
0.02498268149793148
0.030805697664618492
0.0321696512401104
0.030889436602592468
0.03927699476480484
0.0410817489027977
0.04094018042087555
0.033690378069877625
0.032229043543338776
0.0399625226855278
0.03542299568653107
0.04241650924086571
0.02669946476817131
0.02445068396627903
0.029572760686278343
0.038317594677209854
0.03435228019952774
0.03205418214201927
0.034596286714076996
0.03744514286518097
0.024323023855686188
0.020886626094579697
0.04951256141066551
0.045886699110269547
0.06539933383464813
0.02768627554178238
0.026920942589640617
0.02767593413591385
0.028706906363368034
0.01754266582429409
0.025298133492469788
0.025269823148846626
0.03531290218234062
0.036667946726083755
0.039606478065252304
0.04918835312128067
0.05460749566555023
0.04038269817829132
0.0257211085408926
0.02983018197119236
0.022807400673627853
0.04138801246881485
0.028202328830957413
0.01933678425848484
0.02212446928024292
0.01656586118042469
0.02188299223780632
0.024007689207792282
0.030707957223057747
0.030755845829844475
0.04912295937538147
0.04425942897796631
0.028690945357084274
0.04270356521010399
0.04707708954811096
0.025622239336371422
0.04688003659248352
0.031554073095321655
0.02338326908648014
0.027316169813275337
0.018951741978526115
0.022622885182499886
0.024671433493494987
0.026573555544018745
0.025301821529865265
0.03349190577864647
0.04301386699080467
0.04852438345551491
0.043394431471824646
0.04600556194782257
0.02316826581954956
0.034829720854759216
0.0329153910279274
0.022641299292445183
0.035733044147491455
0.042724233120679855
0.04456502944231033
0.03681362792849541
0.024511732161045074
0.026187647134065628
0.031677670776844025
0.03563501313328743
0.031002426519989967
0.031078549101948738
0.033243924379348755
0.0309707373380661
0.019050080329179764
0.02404073067009449
0.025915442034602165
0.031225834041833878
0.032448235899209976
0.039598528295755386
0.024798300117254257
0.029298391193151474
0.02862146869301796
0.02892659418284893
0.027665872126817703
0.018943872302770615
0.024174867197871208
0.03956453874707222
0.017615007236599922
0.04224874824285507
0.04736711457371712
0.04688439890742302
0.03697538375854492
0.026001954451203346
0.0420461930334568
0.030308475717902184
0.027377964928746223
0.03540248051285744
0.034260671585798264
0.022611746564507484
0.024130677804350853
0.024375824257731438
0.029166674241423607
0.026369398459792137
0.01871323399245739
0.024948948994278908
0.034061457961797714
0.030939368531107903
0.022609513252973557
0.03182855248451233
0.030718298628926277
0.038730669766664505
0.03339995816349983
0.024058274924755096
0.025214433670043945
0.03386509791016579
0.0211873147636652
0.018199292942881584
0.0202923733741045
0.03266119211912155
0.030663080513477325
0.02223769575357437
0.021803056821227074
0.0337250791490078
0.04213331639766693
0.03034066967666149
0.030653981491923332
0.033722590655088425
0.04608290642499924
0.03846762701869011
0.023460304364562035
0.03390327841043472
0.03504526987671852
0.038067031651735306
0.02989029884338379
0.031547073274850845
0.04678370803594589
0.04556003585457802
0.03318878263235092
0.021501101553440094
0.026752037927508354
0.02589213103055954
0.0264741163700819
0.02113797515630722
0.02954890765249729
0.027401624247431755
0.03810179978609085
0.027535997331142426
0.028938381001353264
0.032291099429130554
0.02542840875685215
0.017402250319719315
0.028438439592719078
0.03298233821988106
0.03316323459148407
0.03270949423313141
0.04093072563409805
0.050217170268297195
0.034096039831638336
0.030924133956432343
0.04766140505671501
0.025869159027934074
0.030909717082977295
0.023641061037778854
0.03526278957724571
0.028274135664105415
0.030925573781132698
0.03073318488895893
0.029167115688323975
0.025880994275212288
0.0127464160323143
0.031420398503541946
0.030113626271486282
0.02417207695543766
0.0348135344684124
0.028478426858782768
0.046057429164648056
0.055549751967191696
0.039324499666690826
0.025863410905003548
0.01557121891528368
0.030095353722572327
0.017673155292868614
0.028189878910779953
0.020601896569132805
0.026592645794153214
0.022526036947965622
0.02676214650273323
0.03931599110364914
0.0333825908601284
0.030201535671949387
0.026623519137501717
0.028480451554059982
0.026438886299729347
0.03691617771983147
0.02053723856806755
0.027384765446186066
0.026136545464396477
0.019902728497982025
0.026152973994612694
0.039275359362363815
0.05664495378732681
0.04517274722456932
0.03450557217001915
0.02393840253353119
0.038082581013441086
0.030402088537812233
0.025797398760914803
0.026684895157814026
0.02219032123684883
0.034003425389528275
0.02197604440152645
0.03100675158202648
0.03005421720445156
0.040899667888879776
0.034919288009405136
0.037738073617219925
0.028398899361491203
0.025198450312018394
0.022584011778235435
0.025519734248518944
0.02345411479473114
0.02139974571764469
0.024543073028326035
0.03453738987445831
0.03509319946169853
0.027427300810813904
0.0242809746414423
0.035330597311258316
0.031845539808273315
0.02939554490149021
0.01964338682591915
0.03450970724225044
0.02051392011344433
0.028215108439326286
0.03003135696053505
0.03503062576055527
0.026631711050868034
0.028605211526155472
0.020235437899827957
0.02857513353228569
0.019737916067242622
0.03354983776807785
0.03126967325806618
0.03211044892668724
0.02479475550353527
0.0283399298787117
0.020879045128822327
0.0356893390417099
0.03429916501045227
0.0360521525144577
0.022126197814941406
0.026441726833581924
0.023436887189745903
0.03811260312795639
0.030006440356373787
0.026791207492351532
0.02470693178474903
0.015278615988790989
0.03164042532444
0.0261841993778944
0.022011540830135345
0.021485045552253723
0.028196074068546295
0.021238945424556732
0.02472551167011261
0.030693013221025467
0.023344898596405983
0.02182133123278618
0.038207974284887314
0.0328715518116951
0.035546425729990005
0.0448838509619236
0.014976528473198414
0.02988879755139351
0.030180051922798157
0.031037984415888786
0.025132296606898308
0.030819226056337357
0.017761342227458954
0.017767060548067093
0.01669682003557682
0.016969863325357437
0.03607219085097313
0.027000674977898598
0.030548229813575745
0.021974071860313416
0.03734438493847847
0.015588373877108097
0.03472566977143288
0.047858234494924545
0.026193637400865555
0.029081325978040695
0.014661883004009724
0.01587621122598648
0.020425889641046524
0.025449786335229874
0.027925528585910797
0.020611807703971863
0.022610273212194443
0.02504408173263073
0.02213413454592228
0.02037695422768593
0.03042198345065117
0.03381920978426933
0.03297395631670952
0.024286380037665367
0.029180431738495827
0.02234821766614914
0.036342233419418335
0.03565726429224014
0.025482142344117165
0.02930833399295807
0.03291894122958183
0.02323785237967968
0.029192756861448288
0.02955607883632183
0.03373347595334053
0.024103421717882156
0.02369145303964615
0.018988128751516342
0.027195299044251442
0.016299162060022354
0.02095566689968109
0.02516823261976242
0.02881060540676117
0.06232932209968567
0.06010419502854347
0.035169895738363266
0.019437275826931
0.03286929428577423
0.025792911648750305
0.026099735870957375
0.02207445539534092
0.043266601860523224
0.024280939251184464
0.02633281983435154
0.019934678450226784
0.02851596102118492
0.013843443244695663
0.024482131004333496
0.023550771176815033
0.019110672175884247
0.0366462841629982
0.034715913236141205
0.03455584496259689
0.05245775356888771
0.03684066981077194
0.024774890393018723
0.023002495989203453
0.02605295181274414
0.015120799653232098
0.025433503091335297
0.025715097784996033
0.028359875082969666
0.03264966979622841
0.03166673332452774
0.03494880348443985
0.03274770453572273
0.023320170119404793
0.020338576287031174
0.04048028588294983
0.026237737387418747
0.01659555360674858
0.0344616174697876
0.028119778260588646
0.02695944719016552
0.03267737850546837
0.019315557554364204
0.03043820895254612
0.013648496009409428
0.01772860623896122
0.037270788103342056
0.03457854315638542
0.024936096742749214
0.02077268436551094
0.022861121222376823
0.012919055297970772
0.023189235478639603
0.02742684632539749
0.03168313577771187
0.03188101947307587
0.0279051773250103
0.04114728048443794
0.07049325853586197
0.04186686500906944
0.02400563471019268
0.018626386299729347
0.02271801419556141
0.01899883709847927
0.025714823976159096
0.018185827881097794
0.022690758109092712
0.026851115748286247
0.025214849039912224
0.01773500069975853
0.0231883954256773
0.02348923869431019
0.03346012905240059
0.025886831805109978
0.02552690915763378
0.030934203416109085
0.03693290054798126
0.04507608339190483
0.029432136565446854
0.01794043369591236
0.027713250368833542
0.028028028085827827
0.015050182119011879
0.030150175094604492
0.025530267506837845
0.022089052945375443
0.01802831143140793
0.0148264579474926
0.02891300991177559
0.01454918272793293
0.02264924719929695
0.03141572326421738
0.03460102528333664
0.03717692568898201
0.035198651254177094
0.02269267849624157
0.02137948013842106
0.022147031500935555
0.02094917744398117
0.017120473086833954
0.024541394785046577
0.01883264258503914
0.02178252674639225
0.025574054569005966
0.02419394999742508
0.03904487565159798
0.06288208812475204
0.023556677624583244
0.013392298482358456
0.018717478960752487
0.017709879204630852
0.017461908981204033
0.024191508069634438
0.03817199170589447
0.030901839956641197
0.02990349754691124
0.021033117547631264
0.011512420140206814
0.020189756527543068
0.03525921329855919
0.02910611405968666
0.02602255530655384
0.012660489417612553
0.011538156308233738
0.023819660767912865
0.02075405791401863
0.03567606955766678
0.026154592633247375
0.03697188198566437
0.0388803705573082
0.015532451681792736
0.02535729669034481
0.03179575875401497
0.02714678831398487
0.02287738025188446
0.03929596021771431
0.02199375070631504
0.024257903918623924
0.015515335835516453
0.016233069822192192
0.018947122618556023
0.017963716760277748
0.01316440012305975
0.025869959965348244
0.026575805619359016
0.02040214091539383
0.03231573849916458
0.019281761720776558
0.019449371844530106
0.022868990898132324
0.021925872191786766
0.02969977632164955
0.01889149472117424
0.034290265291929245
0.03173242136836052
0.018844755366444588
0.025663530454039574
0.02709801495075226
0.021398836746811867
0.023686086758971214
0.017603935673832893
0.018971972167491913
0.02111946977674961
0.021160008385777473
0.025490503758192062
0.02397242747247219
0.031725119799375534
0.037209272384643555
0.03214458376169205
0.024249723181128502
0.03503880649805069
0.03756868094205856
0.035244137048721313
0.025333859026432037
0.027057155966758728
0.020609529688954353
0.023703575134277344
0.029711976647377014
0.028081141412258148
0.02459079772233963
0.01917147822678089
0.019629765301942825
0.018682176247239113
0.0294029638171196
0.018952155485749245
0.041602615267038345
0.03608294203877449
0.021768581122159958
0.023631472140550613
0.04245206341147423
0.03307502344250679
0.024606814607977867
0.021316414698958397
0.014142735861241817
0.029703397303819656
0.02420911006629467
0.021894125267863274
0.015902763232588768
0.022013545036315918
0.0342499315738678
0.02971300296485424
0.02815665677189827
0.020329631865024567
0.017758376896381378
0.025419846177101135
0.019860796630382538
0.025231914594769478
0.02139279805123806
0.02239738404750824
0.026897968724370003
0.02030113711953163
0.01761886477470398
0.036661531776189804
0.014947175048291683
0.011822665110230446
0.014350423589348793
0.018502693623304367
0.03292538598179817
0.027278656139969826
0.02064524218440056
0.02217758819460869
0.017659366130828857
0.029752399772405624
0.009535619989037514
0.023007068783044815
0.029307102784514427
0.038867633789777756
0.02682320773601532
0.01995367556810379
0.018176477402448654
0.021827930584549904
0.020589694380760193
0.02197962813079357
0.022036373615264893
0.016879789531230927
0.027330609038472176
0.028989696875214577
0.019145706668496132
0.0206857081502676
0.02102016843855381
0.01834782026708126
0.01591060496866703
0.029072947800159454
0.02962849847972393
0.025293821468949318
0.023339124396443367
0.03648054972290993
0.030238265171647072
0.01877507008612156
0.01584731414914131
0.02313767746090889
0.024711644276976585
0.04470730945467949
0.021420106291770935
0.01806120201945305
0.021333513781428337
0.019674332812428474
0.020084166899323463
0.020653164014220238
0.025625720620155334
0.03750254958868027
0.04013620316982269
0.031786344945430756
0.03241551294922829
0.026482703164219856
0.025426946580410004
0.018494579941034317
0.01313953660428524
0.013643767684698105
0.025529859587550163
0.01936999149620533
0.030870379880070686
0.028025874868035316
0.032504793256521225
0.02135610021650791
0.01948792301118374
0.016901716589927673
0.015267957001924515
0.02086174674332142
0.018246246501803398
0.038025517016649246
0.027512965723872185
0.024564359337091446
0.02864200435578823
0.05525000020861626
0.030971655622124672
0.022286923602223396
0.02002200111746788
0.032281823456287384
0.021216781809926033
0.01667940616607666
0.02068598009645939
0.015928326174616814
0.028366126120090485
0.021032338961958885
0.022215696051716805
0.027889428660273552
0.023211348801851273
0.017118029296398163
0.01589123159646988
0.01793866604566574
0.02605823054909706
0.02227095514535904
0.018505409359931946
0.016399269923567772
0.02143670618534088
0.009985961019992828
0.014079210348427296
0.018492385745048523
0.028495777398347855
0.025162450969219208
0.028885001316666603
0.0369541272521019
0.030553458258509636
0.0373079814016819
0.02749231643974781
0.0242745503783226
0.014521978795528412
0.016303084790706635
0.030243558809161186
0.02321670576930046
0.031388767063617706
0.028525125235319138
0.02852092683315277
0.027462000027298927
0.0211485642939806
0.027314459905028343
0.02824370563030243
0.019459189847111702
0.022057726979255676
0.02062804251909256
0.016025537624955177
0.016115861013531685
0.016232499852776527
0.014606144279241562
0.022107833996415138
0.023579983040690422
0.016277426853775978
0.011125407181680202
0.015037169679999352
0.022740673273801804
0.020666994154453278
0.018702253699302673
0.016276756301522255
0.028561120852828026
0.03522462025284767
0.04654925316572189
0.04142465442419052
0.029426006600260735
0.014266922138631344
0.025799229741096497
0.016298532485961914
0.024081842973828316
0.018443448469042778
0.02428080327808857
0.02812170423567295
0.02359265834093094
0.034804750233888626
0.03080574981868267
0.026672186329960823
0.017673958092927933
0.018937688320875168
0.01731295883655548
0.01822175271809101
0.021351806819438934
0.018485285341739655
0.019653093069791794
0.024920914322137833
0.020415661856532097
0.016708511859178543
0.017915230244398117
0.025332435965538025
0.02393845096230507
0.02381316013634205
0.02610332891345024
0.02570817619562149
0.02906937152147293
0.018461138010025024
0.015284690074622631
0.018943337723612785
0.025159602984786034
0.017973238602280617
0.024183083325624466
0.015039034187793732
0.012851323932409286
0.02351863868534565
0.015290733426809311
0.01772824302315712
0.029930520802736282
0.021523211151361465
0.02237340249121189
0.01618681475520134
0.02532907761633396
0.017596915364265442
0.02235506847500801
0.02366958186030388
0.024751443415880203
0.01693822629749775
0.02364666759967804
0.018511638045310974
0.014914124272763729
0.018932105973362923
0.01363816112279892
0.02741527557373047
0.020813321694731712
0.02168997935950756
0.022801706567406654
0.03226238116621971
0.037612833082675934
0.016315683722496033
0.024655353277921677
0.02112872153520584
0.012302525341510773
0.012811128981411457
0.017063967883586884
0.016850857064127922
0.020469531416893005
0.022766800597310066
0.02275029569864273
0.024599634110927582
0.015977412462234497
0.01836409606039524
0.017970632761716843
0.019446618854999542
0.02180534042418003
0.021630587056279182
0.02637185901403427
0.028269557282328606
0.027370555326342583
0.019054722040891647
0.023183327168226242
0.01606861874461174
0.018322039395570755
0.02072918973863125
0.026131607592105865
0.01480073481798172
0.023269448429346085
0.015906888991594315
0.025429826229810715
0.025676311925053596
0.02709786407649517
0.020200157538056374
0.022368276491761208
0.026031048968434334
0.021510206162929535
0.02007526159286499
0.024142513051629066
0.02526266500353813
0.030029818415641785
0.039029236882925034
0.03840543329715729
0.03546799719333649
0.04548214003443718
0.018730217590928078
0.018987582996487617
0.023276032879948616
0.019750423729419708
0.012647033669054508
0.018744563683867455
0.02253127098083496
0.021248649805784225
0.019568610936403275
0.015595563687384129
0.013263643719255924
0.013506488874554634
0.02245505340397358
0.03697521612048149
0.0274458359926939
0.02747553400695324
0.01418294943869114
0.016004884615540504
0.020871270447969437
0.01936384290456772
0.020687416195869446
0.021570656448602676
0.015443517826497555
0.014916649088263512
0.013107452541589737
0.017331991344690323
0.01770932227373123
0.023101530969142914
0.015888851135969162
0.015570553950965405
0.01976834237575531
0.02681989222764969
0.046867262572050095
0.03100031614303589
0.02575758844614029
0.016554079949855804
0.014735084027051926
0.01730460487306118
0.014042573049664497
0.01651417464017868
0.02239689975976944
0.023752160370349884
0.017512241378426552
0.02096708118915558
0.031239714473485947
0.02536609023809433
0.02254459075629711
0.02694297395646572
0.025663010776042938
0.02043486386537552
0.01305469125509262
0.015787648037075996
0.02635413408279419
0.019604800269007683
0.018732503056526184
0.016799531877040863
0.024967437610030174
0.024657366797327995
0.028415529057383537
0.0187587458640337
0.009270988404750824
0.012119981460273266
0.0186311025172472
0.01740431599318981
0.01650382950901985
0.024214481934905052
0.022686930373311043
0.020290620625019073
0.014891199767589569
0.016846608370542526
0.019652653485536575
0.024146128445863724
0.01711704581975937
0.013336981646716595
0.015069836750626564
0.018941745162010193
0.018841136246919632
0.02055463381111622
0.026099465787410736
0.0292475875467062
0.024067996069788933
0.013959765434265137
0.020231954753398895
0.025235362350940704
0.02159115858376026
0.013271017000079155
0.0220041461288929
0.020719807595014572
0.01884145848453045
0.014586511068046093
0.018050579354166985
0.02561209164559841
0.021882083266973495
0.019419873133301735
0.029280461370944977
0.03078320249915123
0.025573456659913063
0.023421311751008034
0.018355881795287132
0.01820964552462101
0.03126554563641548
0.021665161475539207
0.017721038311719894
0.014968056231737137
0.019024843350052834
0.022838974371552467
0.022386400029063225
0.0233843345195055
0.01739293523132801
0.02826894260942936
0.014342852868139744
0.013190817087888718
0.019123224541544914
0.016643663868308067
0.016351036727428436
0.014099489897489548
0.01675788126885891
0.017724819481372833
0.023016443476080894
0.015666645020246506
0.02100273221731186
0.03023735247552395
0.03478674963116646
0.01350077148526907
0.020912665873765945
0.023737985640764236
0.015462960116565228
0.026032714173197746
0.01956666260957718
0.024429820477962494
0.02850661240518093
0.02478707581758499
0.019577711820602417
0.024895109236240387
0.018876319751143456
0.020506955683231354
0.022286586463451385
0.02306438982486725
0.024126458913087845
0.01275902520865202
0.021874284371733665
0.01974496617913246
0.03121873550117016
0.026447338983416557
0.03054152801632881
0.02078353241086006
0.015550391748547554
0.022155938670039177
0.029315371066331863
0.02221054397523403
0.02257249318063259
0.01862580142915249
0.02169070392847061
0.016771553084254265
0.024295464158058167
0.015422921627759933
0.01581905037164688
0.015942372381687164
0.01905304193496704
0.017791904509067535
0.027318477630615234
0.026354050263762474
0.018307862803339958
0.01836487092077732
0.01764751970767975
0.022021887823939323
0.01040430273860693
0.010069451294839382
0.016434619203209877
0.016128361225128174
0.026182089000940323
0.021755356341600418
0.02265125699341297
0.012207895517349243
0.017887935042381287
0.016148295253515244
0.013116390444338322
0.01380232349038124
0.01854822225868702
0.015461031347513199
0.018485205247998238
0.040350984781980515
0.019811274483799934
0.022003870457410812
0.02203408256173134
0.01591649278998375
0.028973398730158806
0.03227763995528221
0.021708451211452484
0.027025358751416206
0.017502151429653168
0.0264170840382576
0.029938500374555588
0.016967453062534332
0.019960230216383934
0.023389041423797607
0.013849031180143356
0.022148313000798225
0.022549686953425407
0.021516090258955956
0.020093422383069992
0.017462648451328278
0.027438020333647728
0.024636313319206238
0.01346287876367569
0.014923048205673695
0.019264720380306244
0.01905859261751175
0.02117358148097992
0.02361265942454338
0.020032525062561035
0.018234848976135254
0.014190593734383583
0.01809922605752945
0.01772039197385311
0.012790355831384659
0.020934365689754486
0.02709374390542507
0.017668653279542923
0.023195724934339523
0.019329577684402466
0.017375117167830467
0.015986301004886627
0.02078140713274479
0.012095305137336254
0.012837868183851242
0.018417714163661003
0.011167886666953564
0.023206792771816254
0.02091505378484726
0.0249639805406332
0.02562083676457405
0.014510951936244965
0.029719796031713486
0.03165552765130997
0.030495064333081245
0.0267894696444273
0.033449459820985794
0.01727556623518467
0.01729278825223446
0.014592783525586128
0.017233099788427353
0.022020908072590828
0.009866412729024887
0.016670800745487213
0.01080286968499422
0.01968401111662388
0.021284257993102074
0.027515674009919167
0.009030948393046856
0.01749413274228573
0.026066629216074944
0.024320244789123535
0.02787775918841362
0.033945418894290924
0.019007105380296707
0.011242592707276344
0.011187373660504818
0.012306224554777145
0.019526859745383263
0.03441758453845978
0.03239269554615021
0.016227073967456818
0.015305452048778534
0.013675671070814133
0.016784917563199997
0.021096330136060715
0.02158222161233425
0.03313421085476875
0.02598857320845127
0.01746603287756443
0.016459660604596138
0.01742052473127842
0.015590272843837738
0.015393877401947975
0.014385701157152653
0.012932631187140942
0.012597884051501751
0.013055408373475075
0.016187816858291626
0.029317760840058327
0.0184466615319252
0.0286782905459404
0.021796245127916336
0.01422607060521841
0.01341589167714119
0.011188158765435219
0.02145490236580372
0.012669605202972889
0.01627012901008129
0.014804861508309841
0.013145668432116508
0.012053859420120716
0.014159943908452988
0.023962324485182762
0.016445297747850418
0.019088421016931534
0.024303674697875977
0.02506082132458687
0.031111616641283035
0.02042933739721775
0.01738944835960865
0.01359123457223177
0.026255525648593903
0.032938357442617416
0.022656969726085663
0.014717161655426025
0.013474664650857449
0.011992999352514744
0.011333724483847618
0.011717111803591251
0.025372423231601715
0.027762342244386673
0.020901350304484367
0.02305516041815281
0.017597109079360962
0.014874618500471115
0.01731610670685768
0.012289788573980331
0.013820054940879345
0.014221533201634884
0.019789375364780426
0.019446995109319687
0.02811265178024769
0.02871418185532093
0.014835732989013195
0.016956552863121033
0.018910016864538193
0.010155751369893551
0.0071047218516469
0.014954308047890663
0.014477640390396118
0.021152937784790993
0.020383644849061966
0.020846156403422356
0.03141399472951889
0.02101205289363861
0.018196864053606987
0.012580879032611847
0.004315902944654226
0.010005193762481213
0.02011280320584774
0.03088180348277092
0.023070165887475014
0.03000250831246376
0.02578909322619438
0.01713717356324196
0.018094133585691452
0.01602771319448948
0.02719387225806713
0.016210505738854408
0.025279749184846878
0.020671594887971878
0.026182526722550392
0.017801277339458466
0.02818441204726696
0.02963586337864399
0.01890224777162075
0.01709705777466297
0.013407115824520588
0.018407847732305527
0.01954236812889576
0.020022645592689514
0.022311991080641747
0.020692095160484314
0.030033135786652565
0.019964924082159996
0.024817416444420815
0.01163303293287754
0.01984056457877159
0.02277168445289135
0.024085810407996178
0.007704315707087517
0.021849453449249268
0.022435395047068596
0.017183907330036163
0.009822317399084568
0.01956968568265438
0.009802100248634815
0.0163784921169281
0.01579013280570507
0.03037070482969284
0.020605403929948807
0.01671595871448517
0.018062040209770203
0.02450607530772686
0.02893763780593872
0.01958659291267395
0.015474369749426842
0.01514474768191576
0.022093797102570534
0.014760727062821388
0.017946798354387283
0.010874700732529163
0.01996653340756893
0.021878326311707497
0.018630200996994972
0.016239160671830177
0.019087234511971474
0.01760624721646309
0.017514122650027275
0.01351403258740902
0.012340779416263103
0.01716490648686886
0.020225338637828827
0.016495205461978912
0.020745474845170975
0.018609585240483284
0.01777604967355728
0.024452293291687965
0.02235628291964531
0.022877253592014313
0.01678490824997425
0.01832212693989277
0.020964298397302628
0.025283483788371086
0.026514863595366478
0.012943079695105553
0.013927464373409748
0.016161330044269562
0.029191501438617706
0.02259710803627968
0.0200506504625082
0.012583336792886257
0.020134752616286278
0.02132975123822689
0.017835518345236778
0.022770490497350693
0.023028936237096786
0.013713158667087555
0.010861383751034737
0.016880910843610764
0.009845525026321411
0.0234322901815176
0.012796781025826931
0.0187462717294693
0.01773853227496147
0.014881950803101063
0.0060676513239741325
0.01756044663488865
0.021137414500117302
0.024621479213237762
0.02293149195611477
0.024800240993499756
0.019010482355952263
0.016569292172789574
0.015622548758983612
0.015090289525687695
0.013275311328470707
0.013938521035015583
0.019808555021882057
0.018426569178700447
0.023724794387817383
0.01850747875869274
0.018320875242352486
0.011233844794332981
0.019730061292648315
0.029950246214866638
0.020499635487794876
0.01949659176170826
0.023297490552067757
0.01919843629002571
0.012707927264273167
0.014602617360651493
0.014212437905371189
0.01002701185643673
0.0149464663118124
0.015006164088845253
0.012643897905945778
0.02003820613026619
0.02389342151582241
0.019301488995552063
0.022766336798667908
0.014685740694403648
0.021484531462192535
0.014113171957433224
0.028624525293707848
0.01760798878967762
0.019440848380327225
0.020823664963245392
0.016394244506955147
0.00981026329100132
0.017672888934612274
0.011534281075000763
0.02452688477933407
0.019700389355421066
0.01876790262758732
0.01913268305361271
0.01912773586809635
0.020219743251800537
0.024165863171219826
0.021397870033979416
0.02009628526866436
0.01316649466753006
0.021178429946303368
0.015031388960778713
0.00976338516920805
0.021568307653069496
0.0157205518335104
0.01778528280556202
0.022702135145664215
0.014791327528655529
0.01184234768152237
0.015568161383271217
0.01890043169260025
0.015383644960820675
0.011522672139108181
0.017687702551484108
0.014037332497537136
0.01937820017337799
0.01482409704476595
0.020432285964488983
0.014027091674506664
0.0193743035197258
0.01896088384091854
0.016297759488224983
0.017013102769851685
0.014647400006651878
0.017880041152238846
0.015958495438098907
0.022314537316560745
0.0193525031208992
0.013077851384878159
0.017676400020718575
0.021339822560548782
0.02083023265004158
0.020160572603344917
0.022142929956316948
0.014332989230751991
0.01042967103421688
0.01358149852603674
0.01773155853152275
0.013613776303827763
0.005672808270901442
0.014990085735917091
0.01641703024506569
0.015438791364431381
0.020573697984218597
0.018495643511414528
0.02076789177954197
0.015543940477073193
0.010982969775795937
0.028222013264894485
0.030724484473466873
0.03307253494858742
0.013343777507543564
0.013146024197340012
0.0148482546210289
0.023213420063257217
0.010475855320692062
0.012947030365467072
0.018244238570332527
0.010429766029119492
0.010774490423500538
0.01850339211523533
0.013959340751171112
0.018645480275154114
0.01770455576479435
0.018022682517766953
0.018975425511598587
0.024988677352666855
0.01506893616169691
0.016729867085814476
0.026187283918261528
0.01466349232941866
0.013646857813000679
0.017056431621313095
0.021791452541947365
0.016843436285853386
0.019059067592024803
0.012753094546496868
0.014097078703343868
0.01881713606417179
0.009345068596303463
0.015824660658836365
0.012385914102196693
0.019786765798926353
0.0210280604660511
0.022585058584809303
0.015433237887918949
0.017608091235160828
0.03354506194591522
0.030608244240283966
0.017011022195219994
0.019009046256542206
0.02925930730998516
0.017988858744502068
0.009895943105220795
0.017206311225891113
0.018064862117171288
0.0146856140345335
0.010448184795677662
0.016601627692580223
0.01667420193552971
0.015539390034973621
0.016855405643582344
0.01568399742245674
0.009548443369567394
0.020369796082377434
0.011483736336231232
0.014622113667428493
0.014913060702383518
0.024651987478137016
0.03434990718960762
0.020190590992569923
0.023414291441440582
0.00964332465082407
0.010891461744904518
0.013166392222046852
0.013753602281212807
0.0186537504196167
0.015985021367669106
0.011490860022604465
0.020937470719218254
0.029885102063417435
0.025261884555220604
0.01793631911277771
0.02078515850007534
0.01996622607111931
0.016417700797319412
0.01900726743042469
0.012576449662446976
0.017495503649115562
0.023851817473769188
0.022629262879490852
0.01767187938094139
0.020008401945233345
0.015569036826491356
0.016539359465241432
0.012376724742352962
0.01825731247663498
0.01409816462546587
0.01301274448633194
0.01909075491130352
0.01784621551632881
0.017574528232216835
0.022984715178608894
0.02111291140317917
0.02666209265589714
0.02270292304456234
0.014703547582030296
0.014432013034820557
0.017581509426236153
0.010416857898235321
0.011542252264916897
0.010953383520245552
0.016881084069609642
0.017467627301812172
0.026500891894102097
0.01758546754717827
0.016763366758823395
0.01321843545883894
0.016034619882702827
0.021886678412556648
0.020472638309001923
0.01905735582113266
0.015033060684800148
0.007115769200026989
0.017008773982524872
0.01713312417268753
0.014107354916632175
0.01984505169093609
0.020695582032203674
0.015972917899489403
0.017279427498579025
0.013528167270123959
0.01801222935318947
0.02045018970966339
0.01772591657936573
0.01092551089823246
0.012534106150269508
0.015437152236700058
0.018930131569504738
0.015022046864032745
0.012268559075891972
0.011399968527257442
0.018584895879030228
0.01138099655508995
0.011394279077649117
0.01688232831656933
0.01179790124297142
0.018160155043005943
0.018430693075060844
0.009646438993513584
0.01154585275799036
0.023812642320990562
0.03655277565121651
0.029145564883947372
0.025841517373919487
0.016429949551820755
0.01774662174284458
0.013625800609588623
0.011581653729081154
0.016253001987934113
0.020973334088921547
0.016236988827586174
0.012976677156984806
0.01023001316934824
0.016957569867372513
0.019619036465883255
0.025232961401343346
0.0289610568434
0.015369590371847153
0.022439055144786835
0.01674664206802845
0.013379449024796486
0.014739954844117165
0.0109366774559021
0.013673000037670135
0.009964337572455406
0.015957267954945564
0.013863774947822094
0.017081238329410553
0.009408459067344666
0.009227743372321129
0.012637108564376831
0.011170594953000546
0.017498090863227844
0.018410123884677887
0.01148968655616045
0.015906324610114098
0.020634938031435013
0.025524945929646492
0.041612494736909866
0.0199100524187088
0.017361609265208244
0.00964807253330946
0.017448019236326218
0.006600560620427132
0.011110360734164715
0.016205942258238792
0.026469681411981583
0.016244657337665558
0.01508910208940506
0.021269312128424644
0.020764123648405075
0.025635236874222755
0.010850947350263596
0.01482585072517395
0.012169617228209972
0.0172982569783926
0.01715715602040291
0.020336618646979332
0.00866256095468998
0.016065742820501328
0.01278808806091547
0.015518189407885075
0.014525068923830986
0.011366015300154686
0.00834487471729517
0.008786416612565517
0.01712654158473015
0.012092088349163532
0.020167987793684006
0.017200591042637825
0.012373056262731552
0.012608269229531288
0.013385618105530739
0.01844867505133152
0.021302735432982445
0.011626465246081352
0.017367182299494743
0.012082216329872608
0.022688740864396095
0.009509422816336155
0.01560298167169094
0.009431037120521069
0.01889379695057869
0.01856416091322899
0.016915636137127876
0.011736645363271236
0.009338416159152985
0.014528268948197365
0.020336367189884186
0.020038241520524025
0.023774923756718636
0.025056714192032814
0.016993649303913116
0.019225649535655975
0.017184602096676826
0.011689357459545135
0.017086172476410866
0.015226012095808983
0.017330320551991463
0.008617161773145199
0.012311751022934914
0.017438596114516258
0.021973194554448128
0.018373383209109306
0.019441675394773483
0.01438227854669094
0.016825836151838303
0.01992911845445633
0.014339318498969078
0.012700503692030907
0.01307034119963646
0.01817624270915985
0.01622544601559639
0.012405860237777233
0.011196303181350231
0.011765799485147
0.017203260213136673
0.028081445023417473
0.014332166872918606
0.017873525619506836
0.013678614981472492
0.01017810683697462
0.010384302586317062
0.013167193159461021
0.012970037758350372
0.010575007647275925
0.014777246862649918
0.010181649588048458
0.015282107517123222
0.030024314299225807
0.02149389497935772
0.013811704702675343
0.013261381536722183
0.019565828144550323
0.01489176880568266
0.0166206955909729
0.010951885022222996
0.01382421050220728
0.012634051963686943
0.01499354001134634
0.02145545743405819
0.01804973930120468
0.012783093377947807
0.026066072285175323
0.023463932797312737
0.015097549185156822
0.018176885321736336
0.017750384286046028
0.011541145853698254
0.02093631774187088
0.012009820900857449
0.014822295866906643
0.010055036284029484
0.015025134198367596
0.014363202266395092
0.016422195360064507
0.01939818263053894
0.02182864584028721
0.014561669901013374
0.019035307690501213
0.016743337735533714
0.012667052447795868
0.017367685213685036
0.01451668981462717
0.012783100828528404
0.005769773852080107
0.010378045961260796
0.009697698056697845
0.012033183127641678
0.01934364251792431
0.017002172768115997
0.022185077890753746
0.018028469756245613
0.026032142341136932
0.01540414709597826
0.014348329044878483
0.01470519695430994
0.011760462075471878
0.018513869494199753
0.0194366667419672
0.012377041392028332
0.011023755185306072
0.016987815499305725
0.016786767169833183
0.0171028021723032
0.01968785934150219
0.014357632026076317
0.016768649220466614
0.00907188467681408
0.009040801785886288
0.016595426946878433
0.011999634094536304
0.0183077622205019
0.007637877482920885
0.010761572048068047
0.015437670983374119
0.011648130603134632
0.013151295483112335
0.015501192770898342
0.01583310402929783
0.01913563348352909
0.03190302476286888
0.015158099122345448
0.01759927347302437
0.01832917518913746
0.015311487019062042
0.0233756136149168
0.022114623337984085
0.011546268127858639
0.015453041531145573
0.008328249678015709
0.01357396598905325
0.01353937853127718
0.01504532340914011
0.014245585538446903
0.009195857681334019
0.010811778716742992
0.015337219461798668
0.0252029150724411
0.022327113896608353
0.024721188470721245
0.023423634469509125
0.016021158546209335
0.010988456197082996
0.01087215542793274
0.01600368693470955
0.012438802979886532
0.021174659952521324
0.015377789735794067
0.008527764119207859
0.01693456619977951
0.01341988518834114
0.01843559369444847
0.010087204165756702
0.01530382875353098
0.012228203006088734
0.013516796752810478
0.010360690765082836
0.012404689565300941
0.013756608590483665
0.012927856296300888
0.0119346734136343
0.022298328578472137
0.021025119349360466
0.01999858394265175
0.015678653493523598
0.012089247815310955
0.008046610280871391
0.016913745552301407
0.015560060739517212
0.02304977923631668
0.015084942802786827
0.015544047579169273
0.017108391970396042
0.021226542070508003
0.014318631030619144
0.012755478732287884
0.011979612521827221
0.013787418603897095
0.012008661404252052
0.0136968232691288
0.013327700085937977
0.017552612349390984
0.01603672467172146
0.011599438264966011
0.015116086229681969
0.010373175144195557
0.015128090046346188
0.011973835527896881
0.012675526551902294
0.015766892582178116
0.014189494773745537
0.020919866859912872
0.020989514887332916
0.010850795544683933
0.013223294168710709
0.021218106150627136
0.020454490557312965
0.010631321929395199
0.012733345851302147
0.0121073666960001
0.016763200983405113
0.010226065292954445
0.01354175340384245
0.012573497369885445
0.021992487832903862
0.023510226979851723
0.018619513139128685
0.018687011674046516
0.017752546817064285
0.019692232832312584
0.011605731211602688
0.014796650037169456
0.015336237847805023
0.009926265105605125
0.009647070430219173
0.011325511150062084
0.00689659221097827
0.01244371011853218
0.020269030705094337
0.01610187441110611
0.015295404009521008
0.00872440543025732
0.020343558862805367
0.010380103252828121
0.013391295447945595
0.008828910999000072
0.013466778211295605
0.009275364689528942
0.015224053524434566
0.018644902855157852
0.01121644489467144
0.01962128095328808
0.018105167895555496
0.016313565894961357
0.016052938997745514
0.014995609410107136
0.008463235571980476
0.010504519566893578
0.019723620265722275
0.012087872251868248
0.015185070224106312
0.025613391771912575
0.021072056144475937
0.016182754188776016
0.018986379727721214
0.017808018252253532
0.011977102607488632
0.014036967419087887
0.014822819270193577
0.012124222703278065
0.012342583388090134
0.011741358786821365
0.012353498488664627
0.017906429246068
0.01421017199754715
0.014306711964309216
0.012857469730079174
0.016161875799298286
0.01357649639248848
0.013109208084642887
0.015849290415644646
0.011535312980413437
0.008883201517164707
0.007506596855819225
0.007406390737742186
0.014450062066316605
0.01206408254802227
0.022554518654942513
0.022155441343784332
0.01797579973936081
0.01112296897917986
0.009504180401563644
0.012589918449521065
0.01224930677562952
0.008156254887580872
0.011235491372644901
0.01626000553369522
0.025798272341489792
0.017483368515968323
0.02742087095975876
0.013204609975218773
0.008629756048321724
0.010662246495485306
0.007491834927350283
0.012017623521387577
0.010426763445138931
0.015153640881180763
0.01598459854722023
0.012585315853357315
0.013089788146317005
0.009732483886182308
0.01328433956950903
0.013586222194135189
0.01686648465692997
0.01112611684948206
0.013065613806247711
0.017651120200753212
0.01869518682360649
0.022729206830263138
0.02341756410896778
0.019598625600337982
0.010592984966933727
0.017122473567724228
0.01605650968849659
0.010484009049832821
0.0071926116943359375
0.01592082716524601
0.023227978497743607
0.020983440801501274
0.018923642113804817
0.012156659737229347
0.009294845163822174
0.01613132655620575
0.008042876608669758
0.007644702214747667
0.010126492939889431
0.014433578588068485
0.015473275445401669
0.018795296549797058
0.016296392306685448
0.011462803930044174
0.009146186523139477
0.01045980118215084
0.008943396620452404
0.013862336985766888
0.014170710928738117
0.00882455613464117
0.02075064741075039
0.008058375678956509
0.015016620978713036
0.016778239980340004
0.027373874559998512
0.020789943635463715
0.012574310414493084
0.016996026039123535
0.01185461413115263
0.015775762498378754
0.014229273423552513
0.013990449719130993
0.009276420809328556
0.010540303774178028
0.005944420583546162
0.01302910316735506
0.01667560078203678
0.02047538571059704
0.010072405450046062
0.008481482975184917
0.008885934017598629
0.007130642421543598
0.01621108315885067
0.0077409218065440655
0.015279803425073624
0.017351262271404266
0.023143528029322624
0.019927039742469788
0.01801607385277748
0.0086332056671381
0.012032032012939453
0.012619053944945335
0.012828361243009567
0.014078302308917046
0.010580027475953102
0.018045159056782722
0.01757417619228363
0.014342840760946274
0.01556901354342699
0.013539766892790794
0.01239181961864233
0.008141065947711468
0.0145906712859869
0.011887289583683014
0.011827885173261166
0.013403390534222126
0.01870810240507126
0.02385398931801319
0.014281276613473892
0.010542536154389381
0.016308341175317764
0.014489128254354
0.010715126059949398
0.018199365586042404
0.015184168703854084
0.012123703956604004
0.010363851673901081
0.011629433371126652
0.012499974109232426
0.012330171652138233
0.011828097514808178
0.0230833999812603
0.014308678917586803
0.014405876398086548
0.007982649840414524
0.015367063693702221
0.01370906550437212
0.015065924264490604
0.013749618083238602
0.012089393101632595
0.016362372785806656
0.014379709959030151
0.01974443718791008
0.015984944999217987
0.014129169285297394
0.02145652286708355
0.016466442495584488
0.008875275030732155
0.010296903550624847
0.011224196292459965
0.017868613824248314
0.006736543960869312
0.010352828539907932
0.01145083550363779
0.018420124426484108
0.024068081751465797
0.015174486674368382
0.018821224570274353
0.010826492682099342
0.00801035389304161
0.026506192982196808
0.02164517343044281
0.021273817867040634
0.012977056205272675
0.011469708755612373
0.012937618419528008
0.012998607009649277
0.011461230926215649
0.01252884604036808
0.01402687095105648
0.013161873444914818
0.010985620319843292
0.01206221617758274
0.012991185300052166
0.00910099782049656
0.015458056703209877
0.009922646917402744
0.012281269766390324
0.008274364285171032
0.01131847221404314
0.014533111825585365
0.017198437824845314
0.011853255331516266
0.015976035967469215
0.016908619552850723
0.011739368550479412
0.01223035342991352
0.014432020485401154
0.008566473610699177
0.009773892350494862
0.012448642402887344
0.01564835011959076
0.009886231273412704
0.012296948581933975
