0.8044446706771851
0.2721205949783325
0.12000469863414764
0.11737221479415894
0.1511342078447342
0.12926709651947021
0.15490247309207916
0.21678800880908966
0.14746204018592834
0.16256891191005707
0.18022221326828003
0.20169204473495483
0.15287604928016663
0.15028543770313263
0.1585397571325302
0.14693884551525116
0.15126247704029083
0.11964783072471619
0.1512935906648636
0.20750528573989868
0.1635369062423706
0.10797937214374542
0.10525703430175781
0.08558604121208191
0.1280267834663391
0.09752488881349564
0.1360578089952469
0.09574569016695023
0.13313129544258118
0.23850728571414948
0.1953364610671997
0.1448477953672409
0.10037621855735779
0.1081881895661354
0.10052847117185593
0.09289718419313431
0.0808127373456955
0.11224722862243652
0.11022110283374786
0.12564513087272644
0.08709991723299026
0.11490226536989212
0.13504527509212494
0.1495867669582367
0.1131867989897728
0.13808555901050568
0.1857236921787262
0.15428701043128967
0.14561408758163452
0.14480037987232208
0.11295641958713531
0.06508643180131912
0.0970870852470398
0.08882900327444077
0.0995657742023468
0.08745714277029037
0.11333788931369781
0.11697017401456833
0.10478673875331879
0.0983436331152916
0.10405261069536209
0.18476542830467224
0.14982913434505463
0.08909504115581512
0.10713256895542145
0.1343429535627365
0.08762866258621216
0.10340689867734909
0.08432918787002563
0.07092640548944473
0.11523089557886124
0.12852607667446136
0.1622786521911621
0.15854208171367645
0.0975370779633522
0.10047463327646255
0.0817466750741005
0.11448973417282104
0.11360417306423187
0.10153251886367798
0.07633410394191742
0.06085152179002762
0.13559308648109436
0.1289011687040329
0.2074972540140152
0.10112901031970978
0.1428890973329544
0.1095869243144989
0.08836352080106735
0.10433786362409592
0.11149828881025314
0.11276765912771225
0.10049387067556381
0.08616176247596741
0.09711547940969467
0.08520176261663437
0.08767971396446228
0.10575378686189651
0.08762485533952713
0.0716368556022644
0.10553687065839767
0.10369957238435745
0.0828530415892601
0.11601056903600693
0.11552861332893372
0.13498443365097046
0.10004758834838867
0.11177225410938263
0.09572002291679382
0.09884975105524063
0.13285093009471893
0.13443133234977722
0.10665100812911987
0.10252987593412399
0.08352312445640564
0.08893250674009323
0.11559605598449707
0.1202336996793747
0.12226954102516174
0.10381719470024109
0.10502289980649948
0.07921597361564636
0.10759220272302628
0.11264171451330185
0.09834974259138107
0.08264365792274475
0.09119223803281784
0.08951373398303986
0.0711030587553978
0.10006720572710037
0.09054474532604218
0.1204763799905777
0.10182762891054153
0.08539195358753204
0.0890665277838707
0.0844321995973587
0.12171001732349396
0.10494364798069
0.08357378840446472
0.09025383740663528
0.07287801057100296
0.10921673476696014
0.09309107810258865
0.09523120522499084
0.08305897563695908
0.1094074621796608
0.14598573744297028
0.08497677743434906
0.10384120792150497
0.11033406853675842
0.08378628641366959
0.05730608105659485
0.08301864564418793
0.07540430873632431
0.08713200688362122
0.10433224588632584
0.10816896706819534
0.1369488686323166
0.12063489854335785
0.06919633597135544
0.10287948697805405
0.0922226533293724
0.10028392821550369
0.09952729940414429
0.09203052520751953
0.09909422695636749
0.11864238977432251
0.07418989390134811
0.1246262639760971
0.11156804859638214
0.12068890780210495
0.08620145171880722
0.08664974570274353
0.10238002985715866
0.10623366385698318
0.11037057638168335
0.04377008602023125
0.08908789604902267
0.12805503606796265
0.11682100594043732
0.10660287737846375
0.1314011812210083
0.0857473686337471
0.081434465944767
0.06453397125005722
0.06367500126361847
0.10558848083019257
0.13556727766990662
0.10818681120872498
0.11712971329689026
0.062409162521362305
0.11114607006311417
0.13033796846866608
0.13180433213710785
0.08397440612316132
0.06889265775680542
0.08457103371620178
0.08347412943840027
0.12123803794384003
0.10636846721172333
0.09667743742465973
0.08718949556350708
0.08243577182292938
0.08219460397958755
0.1065218448638916
0.09049751609563828
0.08605451881885529
0.09856823831796646
0.09801091253757477
0.1476396769285202
0.12698084115982056
0.09187831729650497
0.09838945418596268
0.08869365602731705
0.07352811843156815
0.08268173038959503
0.082643061876297
0.09152176231145859
0.0783950462937355
0.06662602722644806
0.12317324429750443
0.08258038759231567
0.07378987967967987
0.10640526562929153
0.1275210827589035
0.0913500040769577
0.09212810546159744
0.0717208981513977
0.06807620078325272
0.06134629249572754
0.08488569408655167
0.05589871108531952
0.0995158851146698
0.0931481197476387
0.12027294188737869
0.10383115708827972
0.09196515381336212
0.07177498936653137
0.09484237432479858
0.1440073400735855
0.07320290058851242
0.08085441589355469
0.09207507967948914
0.091523177921772
0.13041193783283234
0.08221537619829178
0.0641096755862236
0.07341635972261429
0.06911753863096237
0.09677348285913467
0.06800780445337296
0.07656524330377579
0.08486300706863403
0.1095980629324913
0.10938207805156708
0.09550512582063675
0.09751235693693161
0.08528559654951096
0.07607078552246094
0.07067818939685822
0.08016650378704071
0.09163181483745575
0.07146751135587692
0.117937833070755
0.14700055122375488
0.11662337929010391
0.09332772344350815
0.059135664254426956
0.08557264506816864
0.10009440779685974
0.07170544564723969
0.10591929405927658
0.07074932008981705
0.08990857750177383
0.07040273398160934
0.10501053184270859
0.07253222912549973
0.08308913558721542
0.09572401642799377
0.11355632543563843
0.09078581631183624
0.09651834517717361
0.06503128260374069
0.15128856897354126
0.17879781126976013
0.07753313332796097
0.09114135801792145
0.12769605219364166
0.08346036076545715
0.11406195908784866
0.06170337274670601
0.08361480385065079
0.07653319090604782
0.10207046568393707
0.09353183954954147
0.0849834606051445
0.12578243017196655
0.11900907754898071
0.08055099844932556
0.06826400756835938
0.08823652565479279
0.087615467607975
0.07799731940031052
0.08947212994098663
0.06493380665779114
0.0720750242471695
0.07497163861989975
0.1006496399641037
0.08047818392515182
0.09676613658666611
0.09263189136981964
0.1189192682504654
0.11150497198104858
0.08742696791887283
0.057369425892829895
0.10409782081842422
0.05813131853938103
0.09361104667186737
0.0784781351685524
0.11682656407356262
0.15419933199882507
0.11282232403755188
0.08732828497886658
0.08087992668151855
0.0664556622505188
0.10206031799316406
0.08582863211631775
0.1050637736916542
0.11671196669340134
0.06251725554466248
0.0718432366847992
0.07322264462709427
0.07600405067205429
0.07852844893932343
0.08240298926830292
0.10247213393449783
0.07437629252672195
0.0662677064538002
0.0563424676656723
0.09684326499700546
0.08358777314424515
0.09376315027475357
0.09838050603866577
0.10810503363609314
0.0795653909444809
0.07352924346923828
0.08821147680282593
0.09615936130285263
0.08753794431686401
0.11263257265090942
0.1438921093940735
0.05402257293462753
0.07078760862350464
0.07246948778629303
0.09465344250202179
0.08233775198459625
0.09853733330965042
0.10913791507482529
0.10331965237855911
0.06223533675074577
0.05499530956149101
0.06482811272144318
0.08585089445114136
0.06798602640628815
0.08262363076210022
0.06630776077508926
0.09417282044887543
0.12526142597198486
0.053947292268276215
0.06200213357806206
0.05591598525643349
0.1071484386920929
0.08583138138055801
0.07763341069221497
0.0784357488155365
0.055504199117422104
0.07218580693006516
0.06846115738153458
0.05716395005583763
0.049291547387838364
0.10436895489692688
0.07629746198654175
0.06751283258199692
0.028877539560198784
0.04587602615356445
0.07700127363204956
0.07451919466257095
0.05417843908071518
0.06206478178501129
0.06669695675373077
0.06444676220417023
0.049177709966897964
0.06344439089298248
0.059147629886865616
0.05601154640316963
0.03914407640695572
0.05696655437350273
0.11168182641267776
0.05579369515180588
0.04962325096130371
0.04515630751848221
0.05560819059610367
0.04613545909523964
0.0711149126291275
0.05217243731021881
0.04411859065294266
0.04025648534297943
0.05174703150987625
0.07322907447814941
0.0765533521771431
0.07293548434972763
0.05703931301832199
0.07848159968852997
0.039567917585372925
0.04979049786925316
0.04295070469379425
0.0640021488070488
0.08807236701250076
0.11121593415737152
0.05286715179681778
0.039267320185899734
0.053375665098428726
0.04921027272939682
0.05033637955784798
0.05026832967996597
0.06222648173570633
0.0453793965280056
0.06500939279794693
0.05993754416704178
0.048649005591869354
0.06869406998157501
0.043719030916690826
0.042834628373384476
0.041870053857564926
0.059862613677978516
0.052072614431381226
0.051750730723142624
0.0474301278591156
0.06651909649372101
0.06640809774398804
0.09086874127388
0.091042660176754
0.05003023147583008
0.04280758276581764
0.04924733564257622
0.05823947489261627
0.04250098392367363
0.049454111605882645
0.0372118204832077
0.055704861879348755
0.08391723781824112
0.05871012806892395
0.028236007317900658
0.0559883750975132
0.032130166888237
0.034818217158317566
0.0460994727909565
0.042669784277677536
0.04367302358150482
0.06981930136680603
0.08112391829490662
0.060285378247499466
0.04758181422948837
0.04666009545326233
0.0675516203045845
0.06862781196832657
0.03855796158313751
0.05803019925951958
0.04834546148777008
0.04404756426811218
0.03966714069247246
0.040822096168994904
0.054860398173332214
0.08240246027708054
0.05946461111307144
0.05486057698726654
0.05001625418663025
0.05519282445311546
0.05085388571023941
0.04090811312198639
0.04503616690635681
0.0532861091196537
0.06695916503667831
0.05706493556499481
0.03450346738100052
0.0539393313229084
0.038389429450035095
0.03877416253089905
0.036414362490177155
0.038998544216156006
0.04251318424940109
0.06291487067937851
0.06739906221628189
0.03673846647143364
0.04503226280212402
0.03368208557367325
0.05446048080921173
0.03833173215389252
0.04254463315010071
0.05492519959807396
0.05100276321172714
0.025355331599712372
0.03246642276644707
0.04873327165842056
0.05239841341972351
0.031879015266895294
0.05122055858373642
0.05584660544991493
0.07661042362451553
0.06139771640300751
0.04517708346247673
0.05555875599384308
0.04858887195587158
0.030445845797657967
0.03399212285876274
0.03964565694332123
0.051445648074150085
0.036733318120241165
0.048254214227199554
0.04710676521062851
0.03142854571342468
0.037417441606521606
0.038594260811805725
0.038146279752254486
0.04254499450325966
0.05848313495516777
0.06742853671312332
0.04912769794464111
0.05284345522522926
0.04368514195084572
0.05205884575843811
0.027022499591112137
0.0383283831179142
0.030311057344079018
0.0370742492377758
0.03301805257797241
0.03444577753543854
0.04107615351676941
0.054117053747177124
0.06255736947059631
0.046972475945949554
0.033804912120103836
0.0360756516456604
0.02519942820072174
0.050400733947753906
0.03851368650794029
0.04144792631268501
0.027334880083799362
0.033894915133714676
0.03155406564474106
0.04055166244506836
0.05825508013367653
0.0587131604552269
0.03956969082355499
0.0243748277425766
0.02896634116768837
0.037035368382930756
0.03403443470597267
0.02501460537314415
0.024566251784563065
0.021146127954125404
0.03192968666553497
0.04339093342423439
0.03429126739501953
0.04629012569785118
0.04197022318840027
0.06870780885219574
0.056544333696365356
0.04315439239144325
0.025792410597205162
0.022890619933605194
0.032595835626125336
0.023738494142889977
0.0330197736620903
0.042274173349142075
0.043765533715486526
0.048070453107357025
0.04704906418919563
0.04682312160730362
0.028064804151654243
0.02153005823493004
0.029128503054380417
0.043380655348300934
0.05751056969165802
0.05059259012341499
0.03137233108282089
0.043897174298763275
0.02140442095696926
0.030864978209137917
0.03968672826886177
0.03388526290655136
0.03493412584066391
0.03644302487373352
0.04453713074326515
0.03600745275616646
0.023959269747138023
0.039081767201423645
0.04457027465105057
0.0358038954436779
0.03140903636813164
0.030947061255574226
0.027353577315807343
0.028579464182257652
0.0366041362285614
0.0217593964189291
0.027461009100079536
0.029816117137670517
0.04362882301211357
0.032326292246580124
0.025638699531555176
0.05236298590898514
0.04707454517483711
0.03584352508187294
0.033865030854940414
0.023606495931744576
0.018346291035413742
0.023476338014006615
0.023079529404640198
0.033545564860105515
0.028012054041028023
0.02691137231886387
0.036178600043058395
0.032320257276296616
0.03186802193522453
0.04208511859178543
0.036143943667411804
0.035089243203401566
0.02448863536119461
0.03313542529940605
0.02128547988831997
0.0232623890042305
0.0283405352383852
0.026813896372914314
0.021045630797743797
0.020095381885766983
0.029845504090189934
0.03250247240066528
0.021302416920661926
0.02853958122432232
0.02721824124455452
0.04230675846338272
0.028438670560717583
0.03883778676390648
0.0603448785841465
0.0480019748210907
0.015374068170785904
0.020885653793811798
0.024550065398216248
0.018339503556489944
0.018180178478360176
0.023284148424863815
0.04088851064443588
0.046803802251815796
0.020237214863300323
0.0198094192892313
0.021515753120183945
0.015354910865426064
0.012463959865272045
0.02260686829686165
0.02826949581503868
0.026639999821782112
0.024517731741070747
0.025263385847210884
0.03096206858754158
0.04220745712518692
0.051989149302244186
0.027326054871082306
0.020683826878666878
0.024489596486091614
0.03424576297402382
0.04699931666254997
0.029216483235359192
0.02589140087366104
0.025300834327936172
0.03827688843011856
0.03261881694197655
0.028209423646330833
0.026816368103027344
0.019295262172818184
0.027199823409318924
0.026614658534526825
0.017206156626343727
0.02116733230650425
0.02802019566297531
0.02078218385577202
0.036107271909713745
0.01738222874701023
0.02764551341533661
0.01910628005862236
0.016193123534321785
0.01996946521103382
0.040311314165592194
0.040422867983579636
0.057154580950737
0.051654886454343796
0.056696128100156784
0.02694709599018097
0.029519550502300262
0.020034827291965485
0.019131481647491455
0.020289346575737
0.013375353999435902
0.02782815881073475
0.024599935859441757
0.015329143963754177
0.017851201817393303
0.028213365003466606
0.02112153358757496
0.018896449357271194
0.019812345504760742
0.023943353444337845
0.035666562616825104
0.03471829742193222
0.03576521947979927
0.02620094269514084
0.02326822467148304
0.018805816769599915
0.018786946311593056
0.020326511934399605
0.038319069892168045
0.02556665614247322
0.03640296310186386
0.046635765582323074
0.029362434521317482
0.02812023088335991
0.017563078552484512
0.018377799540758133
0.014831879176199436
0.01874411478638649
0.01722591556608677
0.01812724396586418
0.022409949451684952
0.015605079010128975
0.018516920506954193
0.025738658383488655
0.020648999139666557
0.02746555581688881
0.04094118997454643
0.05536733940243721
0.03652042895555496
0.01860862411558628
0.03455835580825806
0.021541275084018707
0.02248825877904892
0.025061149150133133
0.020116440951824188
0.018919112160801888
0.021702539175748825
0.014876811765134335
0.017315847799181938
0.0243807602673769
0.0354720763862133
0.02858501486480236
0.011967658996582031
0.015261104330420494
0.022464396432042122
0.012037423439323902
0.016308944672346115
0.025800596922636032
0.02604544162750244
0.02215048484504223
0.025471676141023636
0.015968427062034607
0.025954317301511765
0.04345720633864403
0.035830866545438766
0.013278819620609283
0.01467693131417036
0.022811269387602806
0.03433237224817276
0.019348010420799255
0.014058129861950874
0.01637134701013565
0.008632073178887367
0.010316344909369946
0.018545234575867653
0.026964914053678513
0.020351480692625046
0.022348081693053246
0.03618831932544708
0.0415409691631794
0.0395561158657074
0.04279123619198799
0.026868514716625214
0.013754590414464474
0.012270983308553696
0.014368671923875809
0.015436586923897266
0.020515160635113716
0.021860413253307343
0.00826953537762165
0.012790435925126076
0.010382616892457008
0.011021574959158897
0.01103979628533125
0.01982909068465233
0.03040086291730404
0.03155391290783882
0.015720587223768234
0.02171054296195507
0.014241822063922882
0.016677342355251312
0.017974501475691795
0.013210072182118893
0.016404716297984123
0.01870003528892994
0.015253373421728611
0.028812933713197708
0.03814629837870598
0.0376661978662014
0.029200511053204536
0.012314996682107449
0.010885846801102161
0.011503642424941063
0.014139747247099876
0.029125500470399857
0.049737926572561264
0.020951498299837112
0.012876161374151707
0.01641937345266342
0.01509504672139883
0.01922542229294777
0.018627138808369637
0.022400906309485435
0.015112473629415035
0.014183318242430687
0.016795149073004723
0.021404020488262177
0.01872672513127327
0.02076987735927105
0.022345680743455887
0.03224528580904007
0.04772660881280899
0.018091004341840744
0.01407535094767809
0.012921519577503204
0.01450297236442566
0.020144369453191757
0.0148240327835083
0.012312390841543674
0.013795746490359306
0.01663931831717491
0.013932636938989162
0.017727574333548546
0.028373003005981445
0.02562640979886055
0.016153596341609955
0.020087607204914093
0.020389046519994736
0.02179020084440708
0.011925721541047096
0.012029311619699001
0.014969144947826862
0.014426256529986858
0.016916697844862938
0.011776831932365894
0.023000242188572884
0.02051497995853424
0.021343285217881203
0.019586902111768723
0.019789094105362892
0.016256282106041908
0.013319859281182289
0.014154143631458282
0.03728894889354706
0.08043327927589417
0.021513095125555992
0.025466162711381912
0.01497805118560791
0.009341949597001076
0.009160613641142845
0.009637768380343914
0.015540492720901966
0.01691884547472
0.015879418700933456
0.036133188754320145
0.036381155252456665
0.019434960559010506
0.010053124278783798
0.010883974842727184
0.011452282778918743
0.01230473630130291
0.016689728945493698
0.023242615163326263
0.02326038107275963
0.017741091549396515
0.014687219634652138
0.010980343446135521
0.009523115120828152
0.00920913927257061
0.022583089768886566
0.03305276483297348
0.02765304036438465
0.007607771549373865
0.01181342639029026
0.018898237496614456
0.020254043862223625
0.012392404489219189
0.009993292391300201
0.010193021036684513
0.014790194109082222
0.019206667318940163
0.016319982707500458
0.02388674020767212
0.024738440290093422
0.022392434999346733
0.025845976546406746
0.024236876517534256
0.014079826883971691
0.0075205606408417225
0.009973217733204365
0.012826415710151196
0.012914696708321571
0.013120241463184357
0.017007946968078613
0.011671585030853748
0.009834439493715763
0.011785476468503475
0.019856372848153114
0.04596221074461937
0.03011290356516838
0.018816286697983742
0.012051994912326336
0.027430271729826927
0.04284721985459328
0.030437231063842773
0.023514004424214363
0.011552432551980019
0.015456965193152428
0.007189467083662748
0.013840354979038239
0.01600779965519905
0.016482673585414886
0.015372250229120255
0.010543443262577057
0.012407520785927773
0.01213018223643303
0.021447477862238884
0.03004937246441841
0.0228674728423357
0.018673377111554146
0.020804107189178467
0.013279006816446781
0.015428993850946426
0.01564953476190567
0.01635342836380005
0.026260733604431152
0.012084335088729858
0.008969693444669247
0.012702727690339088
0.011948125436902046
0.008236200548708439
0.012648271396756172
0.015313934534788132
0.012146510183811188
0.015357357449829578
0.017763633280992508
0.012505125254392624
0.012421658262610435
0.017303524538874626
0.051168907433748245
0.03767890855669975
0.010495973750948906
0.007771605625748634
0.012323154136538506
0.011463973671197891
0.014925360679626465
0.0110323466360569
0.010246946476399899
0.04111367091536522
0.038430362939834595
0.013097023591399193
0.009090205654501915
0.008444217965006828
0.007147918455302715
0.00997298862785101
0.011304521933197975
0.01639745570719242
0.048424556851387024
0.02483348175883293
0.011005736887454987
0.011544494889676571
0.01261616125702858
0.011003882624208927
0.008450722321867943
0.009025206789374352
0.011119503527879715
0.015501455403864384
0.017255384474992752
0.02190372161567211
0.02898656204342842
0.018892213702201843
0.01362330000847578
0.007595796138048172
0.008315350860357285
0.007772685959935188
0.0065927994437515736
0.021107535809278488
0.01625286042690277
0.014088797383010387
0.023206889629364014
0.018655655905604362
0.015531330369412899
0.0069578541442751884
0.008073709905147552
0.008940263651311398
0.010135403834283352
0.014158820733428001
0.01345872413367033
0.015822863206267357
0.02714412659406662
0.028418555855751038
0.016344189643859863
0.014021034352481365
0.01773730106651783
0.016121549531817436
0.013835680671036243
0.011747710406780243
0.009119459427893162
0.008887133561074734
0.012352211400866508
0.012357467785477638
0.017624186351895332
0.03849303722381592
0.027679866179823875
0.017188837751746178
0.016277989372611046
0.015570078045129776
0.01943075843155384
0.013396821916103363
0.014694717712700367
0.010889606550335884
0.010125433094799519
0.0102682551369071
0.010785005055367947
0.010395853780210018
0.009852743707597256
0.009924998506903648
0.007157337851822376
0.009482956491410732
0.03284566476941109
0.03992278501391411
0.01155859511345625
0.009006399661302567
0.006291454657912254
0.012474254705011845
0.019320227205753326
0.013911557383835316
0.01591833494603634
0.016681676730513573
0.023945873603224754
0.01745496690273285
0.006465356331318617
0.008375860750675201
0.013697351329028606
0.01450023427605629
0.019044524058699608
0.021102316677570343
0.01590527966618538
0.010307107120752335
0.007918198592960835
0.009267964400351048
0.011701374314725399
0.011009943671524525
0.016891106963157654
0.02962290495634079
0.03130624070763588
0.03189020976424217
0.024878118187189102
0.013570993207395077
0.009308860637247562
0.011157945729792118
0.01634899526834488
0.008060519583523273
0.006654947996139526
0.006878714542835951
0.005087162367999554
0.005662424489855766
0.012716453522443771
0.01875111274421215
0.019942063838243484
0.01647687703371048
0.019560428336262703
0.0072945598512887955
0.009380478411912918
0.011044060811400414
0.00931323692202568
0.010847974568605423
0.02843337319791317
0.03295781463384628
0.013022149913012981
0.007828445173799992
0.00852422695606947
0.012470884248614311
0.01628989167511463
0.015237194485962391
0.01646164059638977
0.016128405928611755
0.02776537835597992
0.015551417134702206
0.00908525288105011
0.009728021919727325
0.009174809791147709
0.00844575185328722
0.00951221864670515
0.015076692216098309
0.03420783951878548
0.015891913324594498
0.012477320618927479
0.009500102140009403
0.005316488910466433
0.009618227370083332
0.012157779186964035
0.008149588480591774
0.01688356325030327
0.04782472550868988
0.03670813515782356
0.019522234797477722
0.007718818727880716
0.005549512337893248
0.005848056171089411
0.00852220132946968
0.00608949176967144
0.011934193782508373
0.021827876567840576
0.03416462242603302
0.028650829568505287
0.010490656830370426
0.007973269559442997
0.004645780194550753
0.007200541440397501
0.0032353068236261606
0.008087223395705223
0.00822216086089611
0.013804083690047264
0.018792472779750824
0.012238485738635063
0.01284931693226099
0.013680476695299149
0.008728168904781342
0.007364445365965366
0.012344146147370338
0.010289783589541912
0.009884301573038101
0.014312021434307098
0.02452852949500084
0.0360587015748024
0.011576860211789608
0.007652023807168007
0.007953358814120293
0.005340597126632929
0.006875476334244013
0.006692639552056789
0.005561070516705513
0.008861717768013477
0.01814347319304943
0.05442846938967705
0.019237320870161057
0.013164431788027287
0.008251141756772995
0.013629334047436714
0.01399483997374773
0.017227984964847565
0.014489999040961266
0.0144212506711483
0.0072652194648981094
0.005601025186479092
0.004712628200650215
0.004542318172752857
0.008698713965713978
0.011583967134356499
0.012616273015737534
0.027265479788184166
0.026850944384932518
0.02524145133793354
0.017785070464015007
0.009802660904824734
0.009402605704963207
0.005931627005338669
0.0054389238357543945
0.009949351660907269
0.010980716906487942
0.018692918121814728
0.018592555075883865
0.012389712035655975
0.008753371424973011
0.00791591964662075
0.0064462898299098015
0.005008533131331205
0.004680704791098833
0.006341930013149977
0.011994127184152603
0.01667919009923935
0.035666558891534805
0.030617237091064453
0.020610416308045387
0.017038751393556595
0.008207266218960285
0.011088316328823566
0.01120567787438631
0.008069485425949097
0.013461663387715816
0.008450949564576149
0.005055038258433342
0.003515484742820263
0.0030615809373557568
0.006284681614488363
0.009782159700989723
0.01815335638821125
0.013131124898791313
0.016155719757080078
0.011610608547925949
0.016531798988580704
0.019253836944699287
0.012664751149713993
0.010461418889462948
0.01768510788679123
0.02532212808728218
0.007858160883188248
0.01444560568779707
0.014865403063595295
0.0046461462043225765
0.006273105274885893
0.006099546328186989
0.007108468562364578
0.010422348976135254
0.01759699545800686
0.01833084598183632
0.010158239863812923
0.009505299851298332
0.00792375486344099
0.006473734509199858
0.00429866649210453
0.005929295904934406
0.011269883252680302
0.02113456465303898
0.017834056168794632
0.00897731352597475
0.011697957292199135
0.009530816227197647
0.011551096104085445
0.018817976117134094
0.026322584599256516
0.026682965457439423
0.013563857413828373
0.006754126399755478
0.009103908203542233
0.005438751541078091
0.003963609226047993
0.003965436946600676
0.009896018542349339
0.018536780029535294
0.014904839918017387
0.009194496087729931
0.009992169216275215
0.008453895337879658
0.014554942958056927
0.012720317579805851
0.005953963380306959
0.007332544308155775
0.007682924158871174
0.014479844830930233
0.015400029718875885
0.021835751831531525
0.013102475553750992
0.015747683122754097
0.01568911038339138
0.012711587361991405
0.011978290043771267
0.011733046732842922
0.02108907140791416
0.03055749647319317
0.015161089599132538
0.012615542858839035
0.008893296122550964
0.004272431135177612
0.004991388414055109
0.0031817713752388954
0.005476038902997971
0.005079290829598904
0.005280115641653538
0.006618979386985302
0.003995694685727358
0.008127596229314804
0.0068908571265637875
0.006381364073604345
0.013301888480782509
0.019090689718723297
0.017654994502663612
0.025040175765752792
0.03446181118488312
0.012280652299523354
0.010110919363796711
0.013583473861217499
0.004052757751196623
0.005107510834932327
0.004147863015532494
0.009167797863483429
0.01202267874032259
0.013100478798151016
0.013359560631215572
0.010730470530688763
0.014333815313875675
0.020638789981603622
0.008323142305016518
0.005069354083389044
0.006694023031741381
0.017124515026807785
0.026044584810733795
0.02798430435359478
0.00870563369244337
0.005074012093245983
0.0037032710388302803
0.004278139211237431
0.004613571800291538
0.0035399787593632936
0.007456164341419935
0.010100710205733776
0.01100765261799097
0.019355526193976402
0.01704619638621807
0.009172996506094933
0.008985523134469986
0.009932754561305046
0.010023138485848904
0.011475647799670696
0.01137146819382906
0.008714938536286354
0.00725243054330349
0.01706801913678646
0.014626987278461456
0.011717531830072403
0.009772385470569134
0.009541366249322891
0.01000374834984541
0.007858755998313427
0.00407666340470314
0.004775542300194502
0.004548522178083658
0.007407938130199909
0.006370465736836195
0.003929343074560165
0.005029725842177868
0.011992334388196468
0.01825196109712124
0.012213665060698986
0.008072717115283012
0.008975684642791748
0.04002164304256439
0.029744967818260193
0.015171302482485771
0.006772089749574661
0.007370434235781431
0.006032460369169712
0.00880004558712244
0.011163651011884212
0.014816049486398697
0.008489806205034256
0.01304606068879366
0.0128166563808918
0.012131397612392902
0.017255928367376328
0.014440183527767658
0.01112502533942461
0.007796943187713623
0.005808116402477026
0.003071184502914548
0.0035910350270569324
0.0054609812796115875
0.006362061016261578
0.008598447777330875
0.016842102631926537
0.024608533829450607
0.026150913909077644
0.02503889799118042
0.01839236542582512
0.00956867914646864
0.006570013239979744
0.005195572506636381
0.006595684215426445
0.004752892069518566
0.00488539831712842
0.008874638006091118
0.009929552674293518
0.01191443670541048
0.01384485512971878
0.01931006647646427
0.01663043349981308
0.016170185059309006
0.006790122017264366
0.005288199055939913
0.002438990166410804
0.003454117104411125
0.006111686117947102
0.010791897773742676
0.024717282503843307
0.032312728464603424
0.025074006989598274
0.006581007968634367
0.0062874662689864635
0.00521905766800046
0.005648195277899504
0.004329930059611797
0.004790138453245163
0.003999429754912853
0.00561286136507988
0.013223306275904179
0.022255565971136093
0.022395433858036995
0.018897289410233498
0.011398970149457455
0.010186699219048023
0.00839965045452118
0.005499368533492088
0.0041680242866277695
0.0074383169412612915
0.004117725882679224
0.007333328947424889
0.01643873006105423
0.022536391392350197
0.006747131235897541
0.006247376091778278
0.01170538179576397
0.01965431496500969
0.015164783224463463
0.01126314140856266
0.012695041485130787
0.008850893005728722
0.00806941743940115
0.005892173852771521
0.0025997289922088385
0.0043859644792973995
0.006512817926704884
0.007207832764834166
0.008991033770143986
0.012037515640258789
0.014012405648827553
0.017758887261152267
0.005337780341506004
0.003933580592274666
0.0033588141668587923
0.00571901211515069
0.009909487329423428
0.016674935817718506
0.014871821738779545
0.010693950578570366
0.006597955245524645
0.010276863351464272
0.007380930706858635
0.005994653794914484
0.01256052777171135
0.02119065262377262
0.021035654470324516
0.016381848603487015
0.00933019258081913
0.011846019886434078
0.012762924656271935
0.015371338464319706
0.012681655585765839
0.004636004101485014
0.00383896310813725
0.005375690292567015
0.006263405084609985
0.006382420659065247
0.012530948966741562
0.007868204265832901
0.004965362139046192
0.005199572071433067
0.00532864686101675
0.007772999815642834
0.016787420958280563
0.02307114563882351
0.01340002752840519
0.011831838637590408
0.009413454681634903
0.004974929615855217
0.005013966932892799
0.008993537165224552
0.015664327889680862
0.017738470807671547
0.010341222397983074
0.00564658222720027
0.003063342534005642
0.0026793472934514284
0.00574768241494894
0.0074810488149523735
0.01451821904629469
0.028969857841730118
0.01958097331225872
0.008153961040079594
0.005555506329983473
0.005230952054262161
0.0025905054062604904
0.005084938835352659
0.005542870610952377
0.002868513111025095
0.0037168837152421474
0.0044349078088998795
0.009049508720636368
0.022969145327806473
0.03466570004820824
0.04461759701371193
0.011249801144003868
0.0038429393898695707
0.004694919567555189
0.0032372602727264166
0.002789827063679695
0.0022790057118982077
0.00360285141505301
0.004756151232868433
0.004993348848074675
0.006222900003194809
0.010153913870453835
0.014733970165252686
0.009412172250449657
0.009245287626981735
0.016885248944163322
0.015891963616013527
0.00604079058393836
0.002712411805987358
0.0038243040908128023
0.005870047956705093
0.007964039221405983
0.006313554476946592
0.007182721979916096
0.021270370110869408
0.026774467900395393
0.01404248271137476
0.007687692530453205
0.00989188626408577
0.020095614716410637
0.005288584623485804
0.0051944684237241745
0.0030521024018526077
0.005146670155227184
0.006484618876129389
0.011853363364934921
0.016205761581659317
0.017229806631803513
0.012655935250222683
0.004434273112565279
0.0014836181653663516
0.0020260154269635677
0.005431417841464281
0.007401060312986374
0.007148151285946369
0.007851818576455116
0.00709500489756465
0.009359103627502918
0.012185310013592243
0.01356949657201767
0.01116477232426405
0.011713355779647827
0.007939016446471214
0.008269350975751877
0.011889534071087837
0.012145917862653732
0.01558841485530138
0.009015667252242565
0.007973631843924522
0.007340416312217712
0.007071959786117077
0.0057490188628435135
0.0058485763147473335
0.010249338112771511
0.012054402381181717
0.009089051745831966
0.006486902013421059
0.01111928466707468
0.011935562826693058
0.010548334568738937
0.005302197765558958
0.005391046870499849
0.005344910081475973
0.007454209495335817
0.006383566651493311
0.007648802828043699
0.009154211729764938
0.006875612307339907
0.00773241650313139
0.007914277724921703
0.014261799864470959
0.00867801159620285
0.005489102564752102
0.003465785179287195
0.0063196211121976376
0.011036671698093414
0.01240576896816492
0.008151724003255367
0.013089134357869625
0.013220923952758312
0.010164321400225163
0.023143675178289413
0.019568530842661858
0.012251127511262894
0.008390340954065323
0.007492928300052881
0.005073902662843466
0.007830497808754444
0.005790024530142546
0.0034293001517653465
0.0032697354909032583
0.005018960684537888
0.0026190178468823433
0.0020518796518445015
0.005113265477120876
0.011348813772201538
0.023296328261494637
0.01660320907831192
0.015147983096539974
0.012738151475787163
0.006560679525136948
0.00507785240188241
0.006924965884536505
0.006022346206009388
0.005434137769043446
0.01010892540216446
0.025625303387641907
0.008332181721925735
0.005018094088882208
0.00581008056178689
0.007642042823135853
0.009917273186147213
0.008918339386582375
0.005334644112735987
0.007140483241528273
0.009574983268976212
0.005944669246673584
0.004532416816800833
0.0044892216101288795
0.005033036693930626
0.008038329891860485
0.011841966770589352
0.012584355659782887
0.013018242083489895
0.018428703770041466
0.02876819670200348
0.010839588940143585
0.004632379859685898
0.003815853502601385
0.006569763645529747
0.003608141327276826
0.005827952176332474
0.007073523942381144
0.009600644931197166
0.005779085215181112
0.010255110450088978
0.009375505149364471
0.015729323029518127
0.011415881104767323
0.00429396191611886
0.004352009855210781
0.005715259816497564
0.010971763171255589
0.007821332663297653
0.004061280749738216
0.002128467196598649
0.0021089508663862944
0.0036311603616923094
0.007780218031257391
0.02502702735364437
0.033788785338401794
0.00999416969716549
0.007215703837573528
0.0052500562742352486
0.002420747885480523
0.0044660381972789764
0.0032596855890005827
0.0013194781495258212
0.004367014858871698
0.0027622580528259277
0.0037643795367330313
0.006160949356853962
0.004021272528916597
0.017582423985004425
0.024591289460659027
0.012641571462154388
0.007824613712728024
0.012223455123603344
0.0115955900400877
0.012937430292367935
0.017132367938756943
0.012613553553819656
0.0052581606432795525
0.004755438305437565
0.005327829625457525
0.004670892376452684
0.006054834928363562
0.005391710437834263
0.008869418874382973
0.0049231993034482
0.002391021465882659
0.0022031471598893404
0.004553924314677715
0.001821180572733283
0.0033606591168791056
0.008736524730920792
0.008855750784277916
0.013316537253558636
0.013645164668560028
0.016060329973697662
0.013421428389847279
0.006335353944450617
0.006638437509536743
0.009071378968656063
0.009629806503653526
0.008961489424109459
0.006409102119505405
0.009180624037981033
0.009307673200964928
0.016543028876185417
0.02408462204039097
0.01464922446757555
0.004738856106996536
0.005224932916462421
0.005900369957089424
0.004316345788538456
0.005806788802146912
0.0069715953432023525
0.012786217965185642
0.004620113875716925
0.003909203223884106
0.00442010210826993
0.008335021324455738
0.011178500950336456
0.012742199935019016
0.014023014344274998
0.00454649468883872
0.006234605330973864
0.006003762595355511
0.007569285109639168
0.006511634215712547
0.010768809355795383
0.019625896587967873
0.012354924343526363
0.00831899419426918
0.00797256175428629
0.005790845025330782
0.0029482319951057434
0.0034045130014419556
0.002810777397826314
0.0049167112447321415
0.006930245086550713
0.009871648624539375
0.0075892130844295025
0.008939014747738838
0.009057042188942432
0.00709379930049181
0.004142747726291418
0.005385087337344885
0.006168670020997524
0.009169600903987885
0.020229831337928772
0.028285903856158257
0.019702136516571045
0.030975237488746643
0.016358546912670135
0.00620522303506732
0.002941757207736373
0.0036841691471636295
0.0017486086580902338
0.003124875482171774
0.0016903531504794955
0.002318168990314007
0.003835463896393776
0.005348948296159506
0.004974891431629658
0.0034408539067953825
0.007829036563634872
0.014685941860079765
0.01687009632587433
0.013229682110249996
0.009654509834945202
0.005535694770514965
0.0038328440859913826
0.002250747522339225
0.00570298545062542
0.004402222111821175
0.0027305653784424067
0.003791171358898282
0.006112426053732634
0.00720537593588233
0.016535546630620956
0.01901906169950962
0.005776960868388414
0.006603324320167303
0.004735826980322599
0.002786350902169943
0.0032811614219099283
0.005572359077632427
0.010980749502778053
0.022035127505660057
0.014148278161883354
0.010308190248906612
0.007145368959754705
0.0042320676147937775
0.0026297480799257755
0.0023319858592003584
0.0022346959449350834
0.0050443424843251705
0.019120415672659874
0.03152120113372803
0.008800324983894825
0.0104196323081851
0.005506749730557203
0.0030404406134039164
0.002922005718573928
0.0030930968932807446
0.005482970271259546
0.007494447752833366
0.005497255362570286
0.004125533159822226
0.006020890548825264
0.01493815053254366
0.014461362734436989
0.01876957342028618
0.026989614591002464
0.017886504530906677
0.007083824370056391
0.005866740830242634
0.004391527269035578
0.0030459922272711992
0.002699943259358406
0.003106256714090705
0.005329025909304619
0.007429281249642372
0.009869950823485851
0.009033972397446632
0.007556904572993517
0.008555691689252853
0.00451219268143177
0.004705728497356176
0.003823581850156188
0.003782684914767742
0.0027600207831710577
0.0065375943668186665
0.01505339052528143
0.013291832059621811
0.014047873206436634
0.014290997758507729
0.006413124036043882
0.003844921011477709
0.004782440606504679
0.004724830389022827
0.005786709021776915
0.006685135420411825
0.006495380774140358
0.005965694319456816
0.0033714824821799994
0.005764750298112631
0.005358201451599598
0.008537214249372482
0.01752474717795849
0.02355886995792389
0.008988863788545132
0.004974538926035166
0.004153217189013958
0.0076103550381958485
0.0043457611463963985
0.005173857789486647
0.0015874762320891023
0.0036392933689057827
0.005185799673199654
0.004349555820226669
0.0039650858379900455
0.006122418213635683
0.012378957122564316
0.008609136566519737
0.003653522115200758
0.003932919353246689
0.012224938720464706
0.02058342471718788
0.013938963413238525
0.009911923669278622
0.007803772576153278
0.0045544458553195
0.00353431049734354
0.002909410512074828
0.003563511883839965
0.0027512938249856234
0.003512084251269698
0.005472295451909304
0.007443984039127827
0.006697042379528284
0.010067131370306015
0.013355684466660023
0.026608580723404884
0.023076873272657394
0.005272376351058483
0.0047262804582715034
0.0027238023467361927
0.003585828235372901
0.0028204398695379496
0.002794463885948062
0.003570851171389222
0.0037618062924593687
0.005446003284305334
0.006307878997176886
0.013656525872647762
0.015577578917145729
0.007346884813159704
0.009047513827681541
0.005394322331994772
0.007644984871149063
0.0047211372293531895
0.0066909389570355415
0.006004003807902336
0.0029116475488990545
0.002160661155357957
0.0032379301264882088
0.005767895374447107
0.01082675438374281
0.01995910331606865
0.01603168435394764
0.011719375848770142
0.005310781765729189
0.006311149802058935
0.004669506102800369
0.0030623215716332197
0.004126716870814562
0.004480304196476936
0.0027310489676892757
0.008439715951681137
0.011010782793164253
0.006896825972944498
0.003412059508264065
0.00607401505112648
0.011851813644170761
0.009794176556169987
0.006742936559021473
0.0030178434681147337
0.003872872097417712
0.004891613498330116
0.008792947977781296
0.009993094950914383
0.010322020389139652
0.012033415026962757
0.007050711661577225
0.007880686782300472
0.010472442954778671
0.012697488069534302
0.011537892743945122
0.009328545071184635
0.004130746237933636
0.0032473024912178516
0.002825624542310834
0.0035238435957580805
0.006417636293917894
0.011724157258868217
0.024839147925376892
0.011954383924603462
0.005743132438510656
0.004729629494249821
0.0020048057194799185
0.002469695871695876
0.0029416102916002274
0.005962648428976536
0.005796629004180431
0.009436936117708683
0.010001515038311481
0.007534046657383442
0.012758101336658001
0.018662037327885628
0.017501378431916237
0.008626149967312813
0.005209730938076973
0.0023214572574943304
0.0030788276344537735
0.001968052936717868
0.004709925502538681
0.004952289164066315
0.007887892425060272
0.006695721764117479
0.0057275439612567425
0.010274767875671387
0.017257360741496086
0.015220961533486843
0.008355212397873402
0.004796749912202358
0.00423155864700675
0.005022717174142599
0.005460598971694708
0.004537167493253946
0.0034908768720924854
0.0036947079934179783
0.0036299892235547304
0.004602693021297455
0.008272317238152027
0.01684524491429329
0.008294968865811825
0.006707511376589537
0.009485320188105106
0.009310336783528328
0.010111909359693527
0.005784052424132824
0.008394614793360233
0.014793450944125652
0.013060121797025204
0.005087779834866524
0.004793080501258373
0.003266371786594391
0.0028225749265402555
0.0030084089376032352
0.003434094600379467
0.005022356286644936
0.0064558242447674274
0.00933875236660242
0.015389805659651756
0.021010229364037514
0.015256998129189014
0.013166054151952267
0.0069028353318572044
0.0028273051138967276
0.0051809740252792835
0.003178228624165058
0.002550868783146143
0.004017923958599567
0.00525576900690794
0.008803785778582096
0.009381428360939026
0.010824206285178661
0.008818811737000942
0.0061819301918148994
0.0072196112014353275
0.004288702737540007
0.0045767296105623245
0.006549400743097067
0.0077424985356628895
0.0029853410087525845
0.0038858510088175535
0.0025037932209670544
0.0031388273928314447
0.007777875754982233
0.01296529546380043
0.02079942636191845
0.01658085361123085
0.005043513607233763
0.004953338298946619
0.002619616687297821
0.004102580714970827
0.004778437782078981
0.008001526817679405
0.0051502264104783535
0.0043690744787454605
0.0038443810772150755
0.005925096105784178
0.0049283369444310665
0.004879866261035204
0.009924832731485367
0.018854571506381035
0.018014883622527122
0.006657242309302092
0.007151095196604729
0.004181354772299528
0.0033770648296922445
0.0058248513378202915
0.006084107793867588
0.005620721727609634
0.008208305574953556
0.006614597514271736
0.005908690858632326
0.004421100486069918
0.0070327757857739925
0.007913315668702126
0.00764867477118969
0.007044082973152399
0.005089204292744398
0.005485905334353447
0.005126758944243193
0.0057424516417086124
0.004215562250465155
0.003351511899381876
0.007689482066780329
0.009429886005818844
0.006599873304367065
0.00901736319065094
0.008552479557693005
0.00862909760326147
0.01374397799372673
0.012967299669981003
0.018003132194280624
0.008695392869412899
0.00441202474758029
0.002060434315353632
0.0022706121671944857
0.0033222525380551815
0.0030276027973741293
0.002593315439298749
0.006045443471521139
0.008570859208703041
0.0076096756383776665
0.00654665008187294
0.006003546062856913
0.008277728222310543
0.01333557441830635
0.02360140159726143
0.011706547811627388
0.008810489438474178
0.008147242479026318
0.007071216125041246
0.003764713415876031
0.001982723129913211
0.0031375426333397627
0.003492822637781501
0.003388264449313283
0.0053681181743741035
0.013562917709350586
0.012849203310906887
0.00407442869618535
0.0032663827296346426
0.004227816592901945
0.006166041363030672
0.006556795910000801
0.003575502894818783
0.0027075260877609253
0.002427417319267988
0.0024214277509599924
0.005893383640795946
0.015509359538555145
0.01762930303812027
0.00600251741707325
0.00786980427801609
0.005272268783301115
0.006341542582958937
0.004284111317247152
0.0037024233024567366
0.0064717126078903675
0.006296936888247728
0.009553084149956703
0.008690087124705315
0.0063893916085362434
0.008111871778964996
0.0048921965062618256
0.00632321834564209
0.006218132562935352
0.005327987484633923
0.007730674929916859
0.0068690115585923195
0.0035703969188034534
0.0034909930545836687
0.005719595123082399
0.007908441126346588
0.011722410097718239
0.00789574533700943
0.0033450222108513117
0.0027746791020035744
0.005119564477354288
0.004863659851253033
0.004335388075560331
0.0073004537262022495
0.0065847523510456085
0.002383758081123233
0.0033765670377761126
0.007962862960994244
0.013961042277514935
0.018557511270046234
0.012120502069592476
0.012594765052199364
0.010142719373106956
0.004239810165017843
0.0035459697246551514
0.0025546434335410595
0.0044175623916089535
0.0017184423049911857
0.0044084941036999226
0.009302363730967045
0.02612963132560253
0.014920554123818874
0.0049578058533370495
0.0019714077934622765
0.0022676552180200815
0.0015969261294230819
0.002148360013961792
0.00298184622079134
0.003773965872824192
0.005469176918268204
0.007757673971354961
0.012252965942025185
0.015204654075205326
0.009020378813147545
0.009250903502106667
0.008068854920566082
0.006556798703968525
0.006280216388404369
0.0017269826494157314
0.003281880635768175
0.0022058580070734024
0.002375855343416333
0.002201723400503397
0.0033030370250344276
0.003138565691187978
0.004514223895967007
0.007578899152576923
0.017612168565392494
0.01816277951002121
0.007991980761289597
0.003013899549841881
0.003033919958397746
0.003942644689232111
0.0018911462975665927
0.00510276248678565
0.008732530288398266
0.0139880096539855
0.015945302322506905
0.01598462462425232
0.008919625543057919
0.0036272546276450157
0.002244872972369194
0.002025924390181899
0.0028779972344636917
0.0030125072225928307
0.003636352950707078
0.0041152480989694595
0.00367152551189065
0.006921926513314247
0.009270825423300266
0.010495276190340519
0.010986322537064552
0.0044133407063782215
0.0037782632280141115
0.002931252820417285
0.0036361231468617916
0.004598706495016813
0.004991843830794096
0.007511969655752182
0.012342746369540691
0.010255077853798866
0.0052302987314760685
0.003699732944369316
0.0048235622234642506
0.006263117305934429
0.007093123160302639
0.005320580676198006
0.011119158007204533
0.017453156411647797
0.009729192592203617
0.005051876418292522
0.007546850014477968
0.007329546846449375
0.006033438257873058
0.005339196417480707
0.0034286819864064455
0.0029637704137712717
0.0063734157010912895
0.009705353528261185
0.011961989104747772
0.014156353659927845
0.00548252509906888
0.0047996253706514835
0.006014757789671421
0.006990258116275072
0.004449623636901379
0.002792486920952797
0.0015837900573387742
0.0017126387683674693
0.001401588786393404
0.0047891223803162575
0.008460788987576962
0.006874215789139271
0.008649898692965508
0.010204075835645199
0.009642212651669979
0.009050460532307625
0.004591529723256826
0.0033807107247412205
0.0036340185906738043
0.005046303384006023
0.003019376890733838
0.002177030546590686
0.002760896924883127
0.003584949066862464
0.007846356369554996
0.01611887663602829
0.012794366106390953
0.008571215905249119
0.002885453635826707
0.005580444820225239
0.010585973039269447
0.012413139455020428
0.003695524064823985
0.00623718136921525
0.006436289753764868
0.004032029304653406
0.00381308700889349
0.0022130021825432777
0.001507682609371841
0.001954386942088604
0.002594370162114501
0.0032515954226255417
0.005837108474224806
0.013294057920575142
0.01535171177238226
0.015639808028936386
0.005794231314212084
0.003110915655270219
0.008752203546464443
0.008731824345886707
0.00897330790758133
0.008616414852440357
0.003669538302347064
0.0027322217356413603
0.0033875552471727133
0.00260990671813488
0.002611135132610798
0.003101405454799533
0.0018921142909675837
0.0021871598437428474
0.007307537831366062
0.014776259660720825
0.029049430042505264
0.018186330795288086
0.007974006235599518
0.0024802973493933678
0.002289960626512766
0.0021055343095213175
0.0011254494311288
0.0015801535919308662
0.0023586959578096867
0.0033455456141382456
0.004951128736138344
0.014218957163393497
0.019118882715702057
0.0040661729872226715
0.004112565889954567
0.0035812922287732363
0.001763686421327293
0.0017206915654242039
0.004055040888488293
0.004074539989233017
0.0019339009886607528
0.003220946528017521
0.00412218039855361
0.004555468447506428
0.00815066322684288
0.010295080952346325
0.009445787407457829
0.00819299928843975
0.00931872520595789
0.008765683509409428
0.010888807475566864
0.0067512886598706245
0.00452118506655097
0.004718166776001453
0.005517708137631416
0.006260776426643133
0.0044087618589401245
0.005615524481981993
0.007145818322896957
0.003334027249366045
0.0037919008173048496
0.003259938443079591
0.005343243945389986
0.006959038320928812
0.010525515303015709
0.01393033191561699
0.009178624488413334
0.007979988120496273
0.0020795383024960756
0.003982138819992542
0.003515319898724556
0.003460537176579237
0.004070113878697157
0.005324850790202618
0.007593131624162197
0.009134698659181595
0.007566075772047043
0.00731719471514225
0.006639532279223204
0.0022614081390202045
0.003906758036464453
0.004396738484501839
0.007416238076984882
0.010843848809599876
0.015041288919746876
0.018715916201472282
0.013683688826858997
0.0029081241227686405
0.0029996747616678476
0.004362048581242561
0.008099379017949104
0.0075410520657896996
0.0044837770983576775
0.001987933646887541
0.001900206319987774
0.002651091432198882
0.0038600086700171232
0.0077911317348480225
0.00837570521980524
0.0060076359659433365
0.006010392680764198
0.004024328198283911
0.003296138718724251
0.0029946565628051758
0.006712617818266153
0.009287867695093155
0.011806799098849297
0.008676107041537762
0.006369841285049915
0.006231945939362049
0.003569342428818345
