1.5288816690444946
0.4596861004829407
0.15228374302387238
0.12216213345527649
0.1488126516342163
0.11423896998167038
0.1174764633178711
0.09446275979280472
0.09759745746850967
0.13430529832839966
0.08339036256074905
0.055974144488573074
0.09200143814086914
0.07373806834220886
0.09581716358661652
0.09488115459680557
0.10303047299385071
0.10509981960058212
0.08782148361206055
0.07346421480178833
0.07229848951101303
0.05539437383413315
0.06984984129667282
0.06417295336723328
0.058937329798936844
0.030998321250081062
0.03894238919019699
0.04442155361175537
0.03288783133029938
0.06476981937885284
0.1138322576880455
0.05408632755279541
0.03776376694440842
0.02714524045586586
0.03677714243531227
0.03773721680045128
0.036947641521692276
0.035776399075984955
0.057085562497377396
0.05913815647363663
0.06055689975619316
0.03135056421160698
0.03327883034944534
0.02393331378698349
0.03231440484523773
0.04628526791930199
0.04901918023824692
0.030104191973805428
0.027363326400518417
0.015796922147274017
0.011506561189889908
0.013103124685585499
0.007886810228228569
0.010668783448636532
0.018586933612823486
0.03557801991701126
0.07344608008861542
0.06711120903491974
0.061090096831321716
0.02050907351076603
0.00806359387934208
0.007748886477202177
0.004239058122038841
0.004785700235515833
0.004701846744865179
0.003321681637316942
0.0029238867573440075
0.005643507931381464
0.013827497139573097
0.045683279633522034
0.12041251361370087
0.08105020225048065
0.04798015207052231
0.008699539117515087
0.005738533567637205
0.004674756433814764
0.004029352217912674
0.005560192279517651
0.005949807353317738
0.0075545418076217175
0.011514710262417793
0.017568178474903107
0.034029096364974976
0.040743637830019
0.05047527328133583
0.025311071425676346
0.02584979683160782
0.017937183380126953
0.02263622358441353
0.02264072187244892
0.02145315706729889
0.01344297919422388
0.01157524436712265
0.011600397527217865
0.01603098399937153
0.019300121814012527
0.02290242165327072
0.014865326695144176
0.013887712731957436
0.011210241355001926
0.015609039925038815
0.015184116549789906
0.021034257486462593
0.017689615488052368
0.024624085053801537
0.03046126663684845
0.036546532064676285
0.024904727935791016
0.027504973113536835
0.015924055129289627
0.010056089609861374
0.004819726571440697
0.005657454952597618
0.007860973477363586
0.009830220602452755
0.012551852501928806
0.022405199706554413
0.025666330009698868
0.03204747289419174
0.019815068691968918
0.019220881164073944
0.013126309961080551
0.01755450665950775
0.015403599478304386
0.0163644440472126
0.01517421007156372
0.017559057101607323
0.013067245483398438
0.012928474694490433
0.009282885119318962
0.010601966641843319
0.012876221910119057
0.021525897085666656
0.031145554035902023
0.045326776802539825
0.027817895635962486
0.02327362820506096
0.008848071098327637
0.007552369963377714
0.006878946907818317
0.009533354081213474
0.00956521276384592
0.01173684373497963
0.009125997312366962
0.011238697916269302
0.013762998394668102
0.025065092369914055
0.03355114534497261
0.035323288291692734
0.01557741966098547
0.013053524307906628
0.008534858003258705
0.00875589158385992
0.007987267337739468
0.009539528749883175
0.010039519518613815
0.01587151177227497
0.017508655786514282
0.023120976984500885
0.017406415194272995
0.01839199848473072
0.014046686701476574
0.014734851196408272
0.014725958928465843
0.01418871060013771
0.00891177449375391
0.008864087052643299
0.008059024810791016
0.012743668630719185
0.017288414761424065
0.024348171427845955
0.018400130793452263
0.01900944672524929
0.012635425664484501
0.013484708964824677
0.007807036861777306
0.010110447183251381
0.010558336973190308
0.013388319872319698
0.014404467307031155
0.01768324337899685
0.011816472746431828
0.013187880627810955
0.009188536554574966
0.007917609997093678
0.0038735235575586557
0.003634032793343067
0.004694310016930103
0.008974919095635414
0.013516961596906185
0.023328285664319992
0.024287277832627296
0.03139563649892807
0.021114323288202286
0.022306030616164207
0.011577976867556572
0.007844703271985054
0.004755841568112373
0.0035068055149167776
0.0041875350289046764
0.0052151451818645
0.005454191006720066
0.008254634216427803
0.008919347077608109
0.0157566349953413
0.021830862388014793
0.03381595015525818
0.020191462710499763
0.02132108062505722
0.012254919856786728
0.010058602318167686
0.006559050176292658
0.0064817992970347404
0.004858913365751505
0.005248093977570534
0.007879575714468956
0.011949089355766773
0.016100402921438217
0.02675142139196396
0.0200895294547081
0.020276926457881927
0.012555204331874847
0.009132296778261662
0.005823810119181871
0.0069558024406433105
0.005899766460061073
0.006037157028913498
0.007392785046249628
0.009607149288058281
0.009438063949346542
0.014775409363210201
0.017633993178606033
0.025024594739079475
0.01725843735039234
0.02013023942708969
0.010175300762057304
0.0066716731525957584
0.002487706486135721
0.0023413735907524824
0.0016474344301968813
0.0016540862852707505
0.0026029888540506363
0.004033017437905073
0.010944374836981297
0.03056248649954796
0.02832774445414543
0.0298248752951622
0.013238869607448578
0.01247188076376915
0.0075139193795621395
0.007304748985916376
0.005625634919852018
0.007669010665267706
0.006089196074754
0.006133343558758497
0.005628656130284071
0.008490350097417831
0.010303039103746414
0.013002028688788414
0.012692010030150414
0.016469087451696396
0.014889668673276901
0.019328314810991287
0.011431289836764336
0.011789143085479736
0.009578082710504532
0.00911768339574337
0.010700128972530365
0.017050379887223244
0.009072937071323395
0.008819937705993652
0.007672085892409086
0.008234985172748566
0.007548565976321697
0.008652471005916595
0.00827784463763237
0.009879439137876034
0.0087765883654356
0.009769521653652191
0.012172269634902477
0.013892598450183868
0.010336742736399174
0.012222561985254288
0.013672804459929466
0.019446538761258125
0.013342396356165409
0.01084037683904171
0.006656152196228504
0.006834226660430431
0.006877964828163385
0.010277653113007545
0.009820875711739063
0.010121028870344162
0.0067753237672150135
0.007120970636606216
0.006323555018752813
0.007078517694026232
0.007270572707056999
0.011249599047005177
0.011666839011013508
0.010839593596756458
0.006294499151408672
0.009763536974787712
0.009372941218316555
0.012114860117435455
0.009755329228937626
0.010631813667714596
0.012826697900891304
0.022093767300248146
0.01261039637029171
0.011246477253735065
0.005054103676229715
0.005455772392451763
0.005918302573263645
0.006750779692083597
0.007039586082100868
0.010999294929206371
0.011905040591955185
0.015621703118085861
0.012408404611051083
0.013565527275204659
0.008146744221448898
0.007741208653897047
0.006017975974828005
0.005277195945382118
0.0032021242659538984
0.004087947774678469
0.004468648228794336
0.006672173738479614
0.013548626564443111
0.02482708916068077
0.013500585220754147
0.011791701428592205
0.010068155825138092
0.010156478732824326
0.006764267571270466
0.006441981997340918
0.004471541848033667
0.006188300903886557
0.008640178479254246
0.011622529476881027
0.008338994346559048
0.008807569742202759
0.005733958445489407
0.006745802238583565
0.006562951020896435
0.007211306132376194
0.006932443473488092
0.01197755616158247
0.012898927554488182
0.017055248841643333
0.01547890342772007
0.015384936705231667
0.0061456928960978985
0.0037696384824812412
0.002146621700376272
0.0012016355758532882
0.0009465323528274894
0.0015310202725231647
0.0012160924961790442
0.0020817823242396116
0.003875640220940113
0.010604307986795902
0.019019531086087227
0.03381643071770668
0.025292586535215378
0.019566470757126808
0.006817736197263002
0.004751347471028566
0.0022605727426707745
0.0024192361161112785
0.0018297879723832011
0.002480704104527831
0.0045578815042972565
0.006904075853526592
0.008484945632517338
0.01020150538533926
0.008135966956615448
0.009924334473907948
0.007664522621780634
0.007658947259187698
0.004533942323178053
0.006212817505002022
0.00850766897201538
0.01322438009083271
0.00931453425437212
0.012401807121932507
0.007987572811543941
0.00817046221345663
0.007198544684797525
0.00930369645357132
0.008754091337323189
0.009895684197545052
0.010492915287613869
0.014202095568180084
0.012998347170650959
0.011175482533872128
0.006313751917332411
0.005928146652877331
0.004853891208767891
0.005776225123554468
0.003889060113579035
0.004182735923677683
0.004382272716611624
0.006013903766870499
0.008141311816871166
0.013923276215791702
0.008192257024347782
0.010393152013421059
0.009732058271765709
0.009378382936120033
0.0071468953974545
0.012145962566137314
0.01201272290199995
0.010663900524377823
0.008704260922968388
0.010435824282467365
0.007016826421022415
0.0068113659508526325
0.004653492942452431
0.0051140631549060345
0.0038580677937716246
0.0034731263294816017
0.0017712133703753352
0.0007753651007078588
0.0005974337109364569
0.0006682116072624922
0.001056587789207697
0.002676457166671753
0.00700213061645627
0.019250566139817238
0.025552138686180115
0.025868911296129227
0.008466747589409351
0.006115832831710577
0.003817418124526739
0.002700521145015955
0.002718047471717
0.0027783014811575413
0.004363696090877056
0.007516160141676664
0.008975079283118248
0.009767657145857811
0.006893453653901815
0.010121372528374195
0.005782748572528362
0.0061668334528803825
0.004619831219315529
0.006114233285188675
0.006606246344745159
0.00816327054053545
0.005110804922878742
0.0036982926540076733
0.004968194756656885
0.007010842673480511
0.00612780312076211
0.007964619435369968
0.008929937146604061
0.013352670706808567
0.013461188413202763
0.017113415524363518
0.006162008736282587
0.005365747958421707
0.0034021215979009867
0.0027928322087973356
0.002784320618957281
0.00394259812310338
0.005072242580354214
0.006436591036617756
0.005328189581632614
0.007595814298838377
0.011383358389139175
0.014178432524204254
0.00875274557620287
0.00624949811026454
0.0022586830891668797
0.0013440471375361085
0.0017066046129912138
0.0018332633189857006
0.002918676473200321
0.007537675555795431
0.008800860494375229
0.011161068454384804
0.007471086457371712
0.008611403405666351
0.006844311952590942
0.008536498062312603
0.006481032818555832
0.0073990849778056145
0.0074615562334656715
0.008092891424894333
0.008284150622785091
0.011626826599240303
0.008335553109645844
0.00909372791647911
0.004782740026712418
0.004386456683278084
0.004832831677049398
0.007921922020614147
0.0066873966716229916
0.0069120097905397415
0.0045311967842280865
0.004260452929884195
0.005180151667445898
0.008429368957877159
0.0076965452171862125
0.008661540225148201
0.004969963803887367
0.00700723472982645
0.005990494042634964
0.009777456521987915
0.008015081286430359
0.008599139750003815
0.007370229810476303
0.005765470210462809
0.0025571617297828197
0.001913336687721312
0.000909548019990325
0.0013149454025551677
0.0005237732548266649
0.0006275808555074036
0.00069044140400365
0.0015681948279961944
0.0036558040883392096
0.010548713617026806
0.01945468783378601
0.021459368988871574
0.005997736472636461
0.004564404953271151
0.004530180245637894
0.003966651391237974
0.0031380001455545425
0.0030314549803733826
0.003508149180561304
0.0062414733693003654
0.007170123979449272
0.009638609364628792
0.009242895059287548
0.011124965734779835
0.004710782319307327
0.003148104529827833
0.002128227613866329
0.001408275100402534
0.00152291520498693
0.0019418171141296625
0.0049395072273910046
0.012805480509996414
0.011940541677176952
0.01403261162340641
0.008677702397108078
0.008599297143518925
0.0044440291821956635
0.004859877750277519
0.004107566550374031
0.003986569121479988
0.0026384610682725906
0.0036525041796267033
0.0037873289547860622
0.004252605605870485
0.004978196695446968
0.008741137571632862
0.009886763989925385
0.012896127998828888
0.011151410639286041
0.008896765299141407
0.0049443431198596954
0.006558865774422884
0.006553787738084793
0.006188245490193367
0.004249498713761568
0.004462109878659248
0.0026253811083734035
0.0030102450400590897
0.0030315197072923183
0.002464024815708399
0.002507559722289443
0.0030363518744707108
0.004897812381386757
0.006514433771371841
0.007922840304672718
0.009056148119270802
0.009317457675933838
0.009747440926730633
0.004680061247199774
0.005695227533578873
0.005359168164432049
0.006081406958401203
0.0047519211657345295
0.006085698027163744
0.006427356507629156
0.005630241706967354
0.004228457808494568
0.005998367443680763
0.006852318532764912
0.00980764627456665
0.007415722124278545
0.0072964816354215145
0.005563561804592609
0.0056677889078855515
0.004304290749132633
0.005056976806372404
0.005136942490935326
0.006948206573724747
0.003369622863829136
0.004071284085512161
0.0034983810037374496
0.004527039360255003
0.0031078511383384466
0.003237444208934903
0.0031999582424759865
0.005642163101583719
0.008551854640245438
0.008532635867595673
0.003693829756230116
0.0017773136496543884
0.0011315703159198165
0.0007191483746282756
0.0007069361163303256
0.0006749876774847507
0.0015933765098452568
0.004889467731118202
0.009802630171179771
0.019372696056962013
0.010842826217412949
0.010974245145916939
0.007328446954488754
0.006646286696195602
0.004437239840626717
0.004232339095324278
0.0028122728690505028
0.0031657374929636717
0.002720863791182637
0.003555343486368656
0.003834228031337261
0.004065442830324173
0.004117374308407307
0.007010319270193577
0.0049723004922270775
0.006249216850847006
0.006222073454409838
0.00857542548328638
0.0077138557098805904
0.008021951653063297
0.004372111055999994
0.0030076897237449884
0.0023784684017300606
0.0028318953700363636
0.003433460835367441
0.003920635674148798
0.0043971966952085495
0.005374835804104805
0.003585551865398884
0.0032314276322722435
0.002547274809330702
0.0030168243683874607
0.0017552695935592055
0.0012478756252676249
0.002708649029955268
0.009020703844726086
0.018942328169941902
0.020760338753461838
0.006049622315913439
0.003631328698247671
0.0018834377406165004
0.0016412331024184823
0.0017932021291926503
0.0019817776046693325
0.0022526502143591642
0.0034086701925843954
0.005081667099148035
0.0061333500780165195
0.004666969645768404
0.007223424967378378
0.007997439242899418
0.009471859782934189
0.012134291231632233
0.011220264248549938
0.005591711960732937
0.004142484627664089
0.0022815586999058723
0.0012975442223250866
0.0007910315762273967
0.0006440281867980957
0.00048001320101320744
0.0006211705040186644
0.0009560500038787723
0.0027814169880002737
0.005446409806609154
0.011030389927327633
0.010624425485730171
0.009609444998204708
0.004123115912079811
0.00361314183101058
0.003815701697021723
0.004507189616560936
0.004126138985157013
0.008387581445276737
0.011094850488007069
0.01192423701286316
0.0038568463642150164
0.0030169589444994926
0.0024038944393396378
0.0017168557969853282
0.002296669175848365
0.0028974199667572975
0.0030690848361700773
0.0035277551505714655
0.004218140617012978
0.005225222557783127
0.00452788919210434
0.005260320845991373
0.005144390277564526
0.006560939364135265
0.005706585478037596
0.005415479652583599
0.006414113100618124
0.009010973386466503
0.0085072610527277
0.006702076643705368
0.0024304583203047514
