1.3279417753219604
0.3325529098510742
0.15814299881458282
0.14122533798217773
0.17480480670928955
0.2384399026632309
0.29548898339271545
0.14177098870277405
0.20235811173915863
0.14179474115371704
0.19740018248558044
0.11261651664972305
0.09498906135559082
0.1609092354774475
0.1311054676771164
0.12130521982908249
0.13405323028564453
0.11881330609321594
0.17314542829990387
0.17516924440860748
0.17186963558197021
0.23141194880008698
0.21648983657360077
0.28544852137565613
0.15519694983959198
0.17453168332576752
0.12010279297828674
0.1285475492477417
0.14854247868061066
0.1330139935016632
0.15349999070167542
0.10943391919136047
0.1839129775762558
0.12412489950656891
0.13853923976421356
0.19764605164527893
0.1689140349626541
0.18576154112815857
0.22743374109268188
0.17715713381767273
0.23187603056430817
0.13080091774463654
0.16043424606323242
0.14101389050483704
0.15025658905506134
0.15390083193778992
0.17864972352981567
0.129452183842659
0.15880592167377472
0.15229451656341553
0.18545565009117126
0.20015187561511993
0.1492464244365692
0.19576053321361542
0.19735752046108246
0.16270548105239868
0.16970913112163544
0.14941047132015228
0.13700300455093384
0.1437070518732071
0.14745284616947174
0.15638116002082825
0.21453693509101868
0.15384386479854584
0.11389067769050598
0.12488304823637009
0.20321425795555115
0.16907276213169098
0.1291961818933487
0.20122025907039642
0.07470379769802094
0.17074774205684662
0.14709290862083435
0.22078105807304382
0.19305017590522766
0.14894400537014008
0.10620355606079102
0.11190634965896606
0.18245159089565277
0.14974136650562286
0.1786344349384308
0.13669350743293762
0.10270155221223831
0.16767637431621552
0.1774267554283142
0.20949944853782654
0.18473592400550842
0.09159864485263824
0.12959228456020355
0.1393803209066391
0.10774350166320801
0.1834186613559723
0.16433393955230713
0.1425626128911972
0.13716138899326324
0.15125879645347595
0.17917713522911072
0.13139091432094574
0.13120713829994202
0.1648973673582077
0.1208096295595169
0.10420908033847809
0.1684732437133789
0.20965254306793213
0.13881076872348785
0.16285835206508636
0.11015800386667252
0.1721104383468628
0.13331715762615204
0.18605633080005646
0.19805599749088287
0.18049056828022003
0.1351005882024765
0.10737232118844986
0.1352621614933014
0.11639255285263062
0.17276328802108765
0.1316816359758377
0.11896791309118271
0.1435350924730301
0.1523352563381195
0.16504451632499695
0.1367405354976654
0.14628615975379944
0.14401696622371674
0.17390719056129456
0.1409483253955841
0.13799314200878143
0.14641959965229034
0.12449686229228973
0.12080670148134232
0.17009195685386658
0.16584020853042603
0.14620435237884521
0.15185293555259705
0.14434853196144104
0.163797527551651
0.09805358946323395
0.14301127195358276
0.12439803034067154
0.17676429450511932
0.14399299025535583
0.0922766625881195
0.13128730654716492
0.2141677886247635
0.1787722259759903
0.12526996433734894
0.12020955234766006
0.14535026252269745
0.15002663433551788
0.1461600661277771
0.17719165980815887
0.12613016366958618
0.14421655237674713
0.1779884696006775
0.12643176317214966
0.1362786889076233
0.17112597823143005
0.17309990525245667
0.17943868041038513
0.16529497504234314
0.15143056213855743
0.15161722898483276
0.146530881524086
0.1460382491350174
0.11690405011177063
0.11080463230609894
0.08912548422813416
0.1459505707025528
0.12512077391147614
0.15621279180049896
0.16571487486362457
0.16950444877147675
0.18501685559749603
0.1480208933353424
0.1429896205663681
0.14374157786369324
0.1205763891339302
0.11658640205860138
0.12750685214996338
0.11459760367870331
0.13775864243507385
0.14521433413028717
0.1107303723692894
0.13949085772037506
0.1466837376356125
0.19308605790138245
0.14279834926128387
0.09009280055761337
0.1342426836490631
0.17620056867599487
0.1973254233598709
0.15184499323368073
0.13568706810474396
0.11845344305038452
0.13244889676570892
0.11221540719270706
0.11100947111845016
0.12880775332450867
0.16099317371845245
0.18123583495616913
0.17082323133945465
0.1668449342250824
0.14004753530025482
0.16016727685928345
0.12653318047523499
0.12966716289520264
0.11811999976634979
0.1632971167564392
0.14387217164039612
0.1388712376356125
0.11867629736661911
0.12262196838855743
0.11062219738960266
0.14022251963615417
0.12131325900554657
0.13670168817043304
0.19670283794403076
0.16885152459144592
0.16803598403930664
0.11510293185710907
0.13880500197410583
0.11446740478277206
0.13879455626010895
0.1244245171546936
0.1572483628988266
0.19036617875099182
0.15102215111255646
0.11466219276189804
0.15437686443328857
0.14899130165576935
0.1251416653394699
0.18997947871685028
0.12616081535816193
0.16272278130054474
0.14096443355083466
0.16819177567958832
0.1946568638086319
0.20215976238250732
0.15768323838710785
0.1231205016374588
0.13513468205928802
0.11646316200494766
0.12983545660972595
0.18179811537265778
0.1272684633731842
0.14106588065624237
0.1495470255613327
0.2006010115146637
0.17809049785137177
0.12238838523626328
0.13568894565105438
0.15509170293807983
0.1397331953048706
0.1189941018819809
0.09723973274230957
0.21895430982112885
0.1679093986749649
0.10215871781110764
0.16216440498828888
0.2216913104057312
0.1568269580602646
0.11167263239622116
0.11362873762845993
0.14544935524463654
0.13339382410049438
0.1262715458869934
0.12411428242921829
0.1576659083366394
0.1571022868156433
0.1431158483028412
0.12431937456130981
0.18698932230472565
0.13829156756401062
0.15010136365890503
0.11428990215063095
0.1431567221879959
0.15849575400352478
0.13719749450683594
0.12334012240171432
0.16886256635189056
0.11131386458873749
0.11289656907320023
0.14069676399230957
0.14418742060661316
0.1388004869222641
0.11714110523462296
0.11233209818601608
0.1369306445121765
0.16453437507152557
0.13579033315181732
0.2321767657995224
0.16196845471858978
0.11274691671133041
0.13637608289718628
0.13458584249019623
0.15275034308433533
0.09533946216106415
0.11611109972000122
0.21412460505962372
0.1352742612361908
0.13000740110874176
0.11738760024309158
0.16197267174720764
0.165911465883255
0.14670556783676147
0.11903873085975647
0.13615790009498596
0.0874365046620369
0.1520099937915802
0.13262447714805603
0.14865225553512573
0.11236913502216339
0.12358925491571426
0.15125365555286407
0.2155771106481552
0.12849918007850647
0.14073598384857178
0.12298852950334549
0.19343723356723785
0.1404573768377304
0.10954542458057404
0.1646856665611267
0.15916046500205994
0.146908238530159
0.10640110075473785
0.15447348356246948
0.14846256375312805
0.09846391528844833
0.12510226666927338
0.12602490186691284
0.15900146961212158
0.12913811206817627
0.13516543805599213
0.13635708391666412
0.12480752170085907
0.0976729616522789
0.15907998383045197
0.13142499327659607
0.13531988859176636
0.175329327583313
0.19729778170585632
0.1371760219335556
0.12568403780460358
0.10943260043859482
0.10837288945913315
0.10889502614736557
0.0999690592288971
0.11971382051706314
0.13446258008480072
0.13152287900447845
0.11101003736257553
0.14892882108688354
0.10271609574556351
0.10953845828771591
0.15042228996753693
0.09451388567686081
0.1322503387928009
0.13895080983638763
0.10808811336755753
0.09649699181318283
0.17427943646907806
0.16085536777973175
0.15433606505393982
0.11551162600517273
0.09826421737670898
0.14686088263988495
0.18778066337108612
0.1492399275302887
0.1031886637210846
0.11107990890741348
0.11170728504657745
0.13821297883987427
0.10265136510133743
0.13866563141345978
0.18040546774864197
0.1554940938949585
0.15241366624832153
0.15924426913261414
0.15218894183635712
0.13935506343841553
0.12536779046058655
0.11179637908935547
0.17320089042186737
0.14814847707748413
0.13116568326950073
0.10607214272022247
0.133066788315773
0.2096046507358551
0.17129820585250854
0.1020873486995697
0.1352655291557312
0.11545808613300323
0.15799885988235474
0.13491441309452057
0.17270250618457794
0.11194369941949844
0.185981884598732
0.13659022748470306
0.16711601614952087
0.15269047021865845
0.1342017501592636
0.11476942896842957
0.13566863536834717
0.13998501002788544
0.18227268755435944
0.19302572309970856
0.12941421568393707
0.15818271040916443
0.11109322309494019
0.1260652393102646
0.1482650488615036
0.11985781043767929
0.14597474038600922
0.19268912076950073
0.16663944721221924
0.17467378079891205
0.14057622849941254
0.1378527134656906
0.15736860036849976
0.1685711294412613
0.16667011380195618
0.13796335458755493
0.14582516252994537
0.12340225279331207
0.12321173399686813
0.14012989401817322
0.11903854459524155
0.16901832818984985
0.12009141594171524
0.14802508056163788
0.13039809465408325
0.11470632255077362
0.1329350620508194
0.11604797095060349
0.1774071753025055
0.1080969050526619
0.14305591583251953
0.10192468762397766
0.12221868336200714
0.12299636751413345
0.08366474509239197
0.11098670214414597
0.14351758360862732
0.2264661192893982
0.14547099173069
0.11941973865032196
0.1658012717962265
0.12096026539802551
0.10483579337596893
0.1437024474143982
0.1219254806637764
0.13340120017528534
0.16252674162387848
0.12152440845966339
0.10191822052001953
0.11260387301445007
0.1417635679244995
0.15202192962169647
0.1523401439189911
0.13431315124034882
0.12369587272405624
0.17234285175800323
0.14044389128684998
0.1452483981847763
0.14701847732067108
0.13403941690921783
0.16338804364204407
0.15835480391979218
0.12311995774507523
0.13150839507579803
0.12500199675559998
0.10546649992465973
0.11783333867788315
0.14832060039043427
0.16497856378555298
0.15787510573863983
0.1509358435869217
0.15573975443840027
0.19326810538768768
0.16053611040115356
0.15078876912593842
0.15618400275707245
0.1546069085597992
0.14211775362491608
0.11321146041154861
0.17521485686302185
0.16520807147026062
0.13551528751850128
0.14416053891181946
0.11635114997625351
0.10922273993492126
0.15862911939620972
0.12340031564235687
0.16891968250274658
0.11196395754814148
0.11482419073581696
0.11905895173549652
0.10957372933626175
0.18549907207489014
0.12179242819547653
0.10206440836191177
0.131135493516922
0.08719450235366821
0.17531412839889526
0.1291530728340149
0.1577877253293991
0.1200820654630661
0.14829634130001068
0.12361451983451843
0.13035093247890472
0.1400098204612732
0.12310480326414108
0.14079807698726654
0.10594197362661362
0.0948203057050705
0.13195279240608215
0.13088616728782654
0.15299661457538605
0.1541552096605301
0.11985716223716736
0.11378303170204163
0.12487801909446716
0.18227618932724
0.11715677380561829
0.12500597536563873
0.09977637231349945
0.12395613640546799
0.12845876812934875
0.14683692157268524
0.14544343948364258
0.13933295011520386
0.1549103558063507
0.16336487233638763
0.1364816427230835
0.11582057178020477
0.14231041073799133
0.1271846890449524
0.14855436980724335
0.13809017837047577
0.11091648042201996
0.11637872457504272
0.13210393488407135
0.11218435317277908
0.14303632080554962
0.17619432508945465
0.12257294356822968
0.11829140037298203
0.12969473004341125
0.1095782071352005
0.14813393354415894
0.1347631961107254
0.14971700310707092
0.1386032998561859
0.12805767357349396
0.09696824848651886
0.1493922770023346
0.16440501809120178
0.1427980363368988
0.11843591928482056
0.1542314887046814
0.1284104883670807
0.12584459781646729
0.16899530589580536
0.11502381414175034
0.1204596534371376
0.12313199788331985
0.1815347522497177
0.14481905102729797
0.15548323094844818
0.1394156962633133
0.11385881155729294
0.1451411098241806
0.16389457881450653
0.16298645734786987
0.1682586669921875
0.1346493363380432
0.12137532979249954
0.1606544703245163
0.1700952649116516
0.13333800435066223
0.11875274777412415
0.13862144947052002
0.09529264271259308
0.11846306920051575
0.18260639905929565
0.1920647770166397
0.16587892174720764
0.09048284590244293
0.11955380439758301
0.16054488718509674
0.1414334625005722
0.10260946303606033
0.12430055439472198
0.12016033381223679
0.14215406775474548
0.13084709644317627
0.1606048047542572
0.12162929773330688
0.12193025648593903
0.14364546537399292
0.11668934673070908
0.11760988086462021
0.10196726024150848
0.12811502814292908
0.12689197063446045
0.162287175655365
0.16098757088184357
0.1281024068593979
0.11619506776332855
0.13987134397029877
0.10013327747583389
0.11209173500537872
0.09350723028182983
0.11140908300876617
0.12426319718360901
0.13844777643680573
0.14661261439323425
0.0909547209739685
0.10273326933383942
0.1210763156414032
0.12176776677370071
0.12209460139274597
0.09879746288061142
0.11023177951574326
0.11115767806768417
0.09954964369535446
0.10400304943323135
0.16200567781925201
0.15285737812519073
0.19089263677597046
0.15357382595539093
0.13736790418624878
0.14753025770187378
0.11840031296014786
0.1385926455259323
0.13956624269485474
0.11872261762619019
0.1148575097322464
0.10405977070331573
0.05939260497689247
0.09627259522676468
0.08997777104377747
0.11734186857938766
0.11581673473119736
0.0823572427034378
0.09718762338161469
0.11989675462245941
0.11114845424890518
0.09732069075107574
0.1192738339304924
0.20551158487796783
0.12690339982509613
0.14551691710948944
0.12927255034446716
0.1028183102607727
0.09026897698640823
0.09016568958759308
0.13153964281082153
0.11316568404436111
0.1450939029455185
0.07325498014688492
0.18614327907562256
0.13184088468551636
0.14291822910308838
0.12880124151706696
0.129591166973114
0.13922902941703796
0.12399609386920929
0.12620384991168976
0.11469826102256775
0.1112576574087143
0.13481327891349792
0.11017255485057831
0.09539611637592316
0.11375269293785095
0.12682396173477173
0.10608001053333282
0.1064448356628418
0.12923648953437805
0.10751476138830185
0.13742338120937347
0.13129273056983948
0.09978083521127701
0.08403090387582779
0.1606893092393875
0.1272839456796646
0.13505974411964417
0.12680010497570038
0.10925622284412384
0.12725983560085297
0.11161133646965027
0.14855465292930603
0.11434412002563477
0.12522916495800018
0.08609968423843384
0.11927369236946106
0.07878401130437851
0.12165825814008713
0.120173379778862
0.10843528062105179
0.1491679698228836
0.1713789701461792
0.13494591414928436
0.11870720237493515
0.0806228518486023
0.08635047823190689
0.09397796541452408
0.10570700466632843
0.12111019343137741
0.12523867189884186
0.1170797348022461
0.09966836124658585
0.10963033884763718
0.08793003112077713
0.10425205528736115
0.08468202501535416
0.11898940801620483
0.1191011369228363
0.10752905160188675
0.14338402450084686
0.11213818192481995
0.11697925627231598
0.06660761684179306
0.06635559350252151
0.09998300671577454
0.06748626381158829
0.11844053119421005
0.13800457119941711
0.0983661636710167
0.11861221492290497
0.0892670601606369
0.08815091848373413
0.0847567468881607
0.061671074479818344
0.08636044710874557
0.10758623480796814
0.09026152640581131
0.13908503949642181
0.1051291823387146
0.09093137085437775
0.11265843361616135
0.08733555674552917
0.06729718297719955
0.09076870232820511
0.08927671611309052
0.08969435095787048
0.09966407716274261
0.06425168365240097
0.08718088269233704
0.10949430614709854
0.09797355532646179
0.08931786566972733
0.09991508722305298
0.10881084203720093
0.1359941065311432
0.10573871433734894
0.10475132614374161
0.0853622555732727
0.09074470400810242
0.11766121536493301
0.1405627727508545
0.08902131766080856
0.048149894922971725
0.0678795650601387
0.06893667578697205
0.0926268994808197
0.10187199711799622
0.10413952171802521
0.09280562400817871
0.12346803396940231
0.09520258009433746
0.10927053540945053
0.0902952030301094
0.09116823971271515
0.06604573130607605
0.07242295145988464
0.06349282711744308
0.06344334781169891
0.10626278072595596
0.1024278923869133
0.09974870830774307
0.14794296026229858
0.06697862595319748
0.0491422638297081
0.04889299347996712
0.09537253528833389
0.06771481037139893
0.08137501031160355
0.09274139255285263
0.08514270931482315
0.09400095790624619
0.09397914260625839
0.077991783618927
0.06296045333147049
0.04832928627729416
0.06737908720970154
0.09804999083280563
0.1003420278429985
0.08627237379550934
0.04851936921477318
0.087687186896801
0.10842414945363998
0.07273326069116592
0.07639707624912262
0.08797845989465714
0.08950884640216827
0.08944957703351974
0.07355996966362
0.06996317207813263
0.07937287539243698
0.06913985311985016
0.07376477122306824
0.0771111249923706
0.12377238273620605
0.09007596224546432
0.07057759165763855
0.07600416988134384
0.08708910644054413
0.06389033794403076
0.07170166820287704
0.069610096514225
0.08512786030769348
0.0883435606956482
0.10156293958425522
0.06619963049888611
0.08173328638076782
0.08225022256374359
0.07808265835046768
0.08331062644720078
0.08306388556957245
0.08024093508720398
0.07722356915473938
0.09146948158740997
0.07589206844568253
0.06651018559932709
0.055715277791023254
0.042553406208753586
0.05654437839984894
0.05387577414512634
0.05893462523818016
0.08082589507102966
0.058778900653123856
0.07291065156459808
0.06855534762144089
0.06178341805934906
0.08483472466468811
0.06697904318571091
0.06354540586471558
0.08350787311792374
0.06107260659337044
0.06435182690620422
0.054094575345516205
0.09741523116827011
0.09930736571550369
0.07650624960660934
0.09942732751369476
0.08927229046821594
0.09232436120510101
0.07325539737939835
0.07202699035406113
0.047849394381046295
0.07685811817646027
0.06890079379081726
0.06171712279319763
0.06505466252565384
0.09343992173671722
0.08549298346042633
0.05972997099161148
0.07662265747785568
0.0751374214887619
0.06946084648370743
0.06540735065937042
0.08237828314304352
0.05231219157576561
0.06771372258663177
0.04637232795357704
0.07481524348258972
0.060268521308898926
0.0826275646686554
0.09985538572072983
0.0564470998942852
0.05575432628393173
0.05410672351717949
0.05608190596103668
0.06618815660476685
0.040257032960653305
0.058005958795547485
0.04791492968797684
0.057253655046224594
0.04373824968934059
0.07725401222705841
0.07010198384523392
0.08007241040468216
0.08178432285785675
0.046270035207271576
0.04935053363442421
0.06911470741033554
0.050573285669088364
0.05430040881037712
0.12640723586082458
0.08616403490304947
0.06978312134742737
0.055857039988040924
0.046475253999233246
0.046693067997694016
0.05260755121707916
0.06774598360061646
0.09071001410484314
0.07589784264564514
0.07587376981973648
0.06982182711362839
0.10531027615070343
0.07900816947221756
0.05296888202428818
0.05950643867254257
0.03734886273741722
0.04287624731659889
0.06279312819242477
0.04587000235915184
0.06747257709503174
0.04111526161432266
0.059642110019922256
0.07985258847475052
0.0890657976269722
0.057638730853796005
0.04597766324877739
0.05853838101029396
0.09487735480070114
0.06222251057624817
0.05253610759973526
0.07374963909387589
0.05882928520441055
0.08465836197137833
0.05689900740981102
0.06061007082462311
0.03648499771952629
0.06186573952436447
0.052191101014614105
0.06171102449297905
0.048702362924814224
0.07988603413105011
0.048131801187992096
0.05460628494620323
0.055381618440151215
0.058825235813856125
0.038805801421403885
0.04610090330243111
0.04333790764212608
0.04282573610544205
0.0362824909389019
0.04734477028250694
0.07954216748476028
0.07801935076713562
0.07290744036436081
0.08578977733850479
0.09146640449762344
0.04965207725763321
0.04305507615208626
0.06079178676009178
0.06319331377744675
0.05582917854189873
0.049100570380687714
0.06279145926237106
0.06498973071575165
0.055784840136766434
0.04925103113055229
0.0790819525718689
0.09148723632097244
0.06893782317638397
0.07542815804481506
0.04451358690857887
0.032050859183073044
0.06144879758358002
0.0517929270863533
0.03818831220269203
0.05520124360918999
0.06026406213641167
0.07017704099416733
0.05525914207100868
0.07529662549495697
0.06247800961136818
0.041204288601875305
0.04780573770403862
0.0722145065665245
0.032365430146455765
0.08308403939008713
0.07540565729141235
0.11033069342374802
0.09246185421943665
0.053009189665317535
0.047837138175964355
0.043876975774765015
0.05508486181497574
0.07720869779586792
0.07235800474882126
0.05498087406158447
0.03628883510828018
0.05562952905893326
0.05048968642950058
0.042139433324337006
0.04272899031639099
0.02919936366379261
0.05144640803337097
0.060067273676395416
0.038375407457351685
0.0517549067735672
0.06412623822689056
0.10242678970098495
0.08495493978261948
0.04155057296156883
0.06382463872432709
0.0543057806789875
0.04315270110964775
0.07172411680221558
0.05468757078051567
0.04730110615491867
0.06009029969573021
0.05846000835299492
0.0563075989484787
0.06394536793231964
0.04846840351819992
0.03949212655425072
0.04706006497144699
0.10447538644075394
0.07501330226659775
0.0687325969338417
0.05291152000427246
0.05315865948796272
0.029746541753411293
0.04653286561369896
0.055781468749046326
0.03370877355337143
0.04688215255737305
0.057106863707304
0.09285364300012589
0.06150380149483681
0.04790263995528221
0.05261282995343208
0.08257504552602768
0.06976806372404099
0.04468073323369026
0.04302254319190979
0.04881715774536133
0.04308895021677017
0.05303042754530907
0.03855009749531746
0.033801741898059845
0.0801347941160202
0.07928106933832169
0.09720553457736969
0.06198352947831154
0.05743837729096413
0.05710049718618393
0.04623812064528465
0.05950941890478134
0.0644860565662384
0.05814925581216812
0.05173862352967262
0.06278584152460098
0.06487622112035751
0.050240106880664825
0.05921025201678276
0.0668114647269249
0.04675151780247688
0.05264598876237869
0.056603461503982544
0.05334433540701866
0.05909591540694237
0.054225340485572815
0.06385558843612671
0.057473983615636826
0.04401399567723274
0.04099954292178154
0.04191223159432411
0.06524490565061569
0.04248592257499695
0.060815345495939255
0.047254644334316254
0.04968133941292763
0.049030888825654984
0.05419290438294411
0.0628371387720108
0.0449456125497818
0.07773564755916595
0.07957690954208374
0.06365226954221725
0.054643649607896805
0.0682273656129837
0.06197439134120941
0.0514659583568573
0.06323770433664322
0.052137088030576706
0.06881083548069
0.04670136794447899
0.05767263099551201
0.05055641010403633
0.03473290801048279
0.06562711298465729
0.06613984704017639
0.06014268100261688
0.05082942172884941
0.04798195883631706
0.05509783327579498
0.048594050109386444
0.04379245266318321
0.05576889216899872
0.08364452421665192
0.053421348333358765
0.05524790659546852
0.03980660438537598
0.03521773964166641
0.04173148795962334
0.05113347992300987
0.07415184378623962
0.07668386399745941
0.05291352793574333
0.04540623724460602
0.056722491979599
0.06491422653198242
0.07340941578149796
0.04075358435511589
0.030694961547851562
0.05290839821100235
0.06654784828424454
0.05146017670631409
0.06217900291085243
0.07667290419340134
0.0632069855928421
0.08826839178800583
0.048356588929891586
0.04995936527848244
0.039184633642435074
0.072785384953022
0.10042855143547058
0.06436764448881149
0.049148835241794586
0.05672268569469452
0.05604621395468712
0.05337481573224068
0.055023886263370514
0.05441039055585861
0.0507911778986454
0.04044030234217644
0.06959059834480286
0.09260521829128265
0.0872606635093689
0.07917424291372299
0.04902409017086029
0.05843514949083328
0.049742311239242554
0.06255754828453064
0.05295044928789139
0.049541424959897995
0.04655744880437851
0.03877018764615059
0.0597546324133873
0.055780816823244095
0.08794748038053513
0.0667041465640068
0.06760550290346146
0.050147783011198044
0.04433773085474968
0.03284440189599991
0.046928320080041885
0.0502176508307457
0.04613330960273743
0.05222880467772484
0.04072050005197525
0.038393501192331314
0.06108413264155388
0.04314085468649864
0.050199054181575775
0.039330996572971344
0.04298364743590355
0.0529891736805439
0.0617569163441658
0.04182134568691254
0.05538373813033104
0.07419762760400772
0.09373415261507034
0.057194843888282776
0.04788267984986305
0.04340459778904915
0.05421099811792374
0.047771815210580826
0.028295893222093582
0.05262221395969391
0.06051722913980484
0.042075492441654205
0.039223238825798035
0.05547488108277321
0.05128771439194679
0.0668519139289856
0.03679705783724785
0.05196567624807358
0.05167516693472862
0.06255888193845749
0.07775602489709854
0.05947352945804596
0.04270155727863312
0.055442117154598236
0.07400912046432495
0.06535352766513824
0.03911815583705902
0.04761188104748726
0.06276588141918182
0.053667932748794556
0.05779493227601051
0.04422777146100998
0.03910483792424202
0.05327914282679558
0.07010942697525024
0.04620572179555893
0.03194807097315788
0.04104364290833473
0.05994850769639015
0.06597189605236053
0.03977371007204056
0.03861195966601372
0.07673145085573196
0.046252112835645676
0.029683249071240425
0.04187605530023575
0.06023141369223595
0.0581723228096962
0.07476502656936646
0.07161964476108551
0.061263855546712875
0.04189932718873024
0.053470004349946976
0.0458158403635025
0.06219148635864258
0.044670235365629196
0.0428282767534256
0.05185239389538765
0.041580576449632645
0.05393701046705246
0.05401928722858429
0.050723250955343246
0.040551748126745224
0.06926620751619339
0.04097314924001694
0.04648001492023468
0.04810783267021179
0.03610203042626381
0.035678111016750336
0.04982839524745941
0.04891328886151314
0.0355294905602932
0.055697131901979446
0.06955882161855698
0.07173819839954376
0.040059272199869156
0.0798361524939537
0.04153025522828102
0.030787911266088486
0.04994101822376251
0.03689684718847275
0.05084926262497902
0.06539250165224075
0.04196668043732643
0.029658541083335876
0.03195613622665405
0.030087828636169434
0.04594117030501366
0.053893446922302246
0.057845309376716614
0.09273829311132431
0.08117100596427917
0.04646897315979004
0.05034006014466286
0.06470039486885071
0.04729123413562775
0.05573848634958267
0.058071814477443695
0.0659702941775322
0.03939783200621605
0.03623645380139351
0.09052456170320511
0.08599872887134552
0.06047327443957329
0.04518701508641243
0.028938012197613716
0.0280662439763546
0.04720131307840347
0.04116993770003319
0.05285843461751938
0.04916379973292351
0.07343011349439621
0.04981305077672005
0.04248860478401184
0.036531973630189896
0.03422452509403229
0.04990067332983017
0.07050970941781998
0.06159783527255058
0.060715705156326294
0.046996019780635834
0.05142729729413986
0.049158234149217606
0.06680601090192795
0.06976208090782166
0.060058820992708206
0.035784170031547546
0.04078565910458565
0.04972057044506073
0.04230498895049095
0.04317697510123253
0.05438346043229103
0.07324694842100143
0.04670003056526184
0.05580928921699524
0.058375243097543716
0.0496126227080822
0.04566805064678192
0.056032754480838776
0.05752280354499817
0.05533561855554581
0.04339718446135521
0.04616134613752365
0.04488223418593407
0.044217754155397415
0.04398975521326065
0.06341049820184708
0.04973609745502472
0.05164536461234093
0.04340251535177231
0.03954610601067543
0.03568411245942116
0.0462612546980381
0.05808688700199127
0.0904073491692543
0.06943168491125107
0.05129627883434296
0.04676176235079765
0.04207250475883484
0.04486922174692154
0.04429858177900314
0.051197029650211334
0.05282384902238846
0.04512438178062439
0.05423564091324806
0.03776668384671211
0.05820143595337868
0.08100344985723495
0.04564610496163368
0.059027399867773056
0.051620155572891235
0.03592712804675102
0.0316089428961277
0.05233174189925194
0.050512030720710754
0.0671091303229332
0.06071392074227333
0.05480988323688507
0.042070817202329636
0.05013835430145264
0.041090503334999084
0.04805883765220642
0.04674685373902321
0.058444686233997345
0.05610780417919159
0.0368315763771534
0.04528960585594177
0.03766077756881714
0.04031604155898094
0.04444534331560135
0.04327816516160965
0.04105504974722862
0.040980447083711624
0.03895878791809082
0.044389791786670685
0.050290919840335846
0.0417250357568264
0.03470250219106674
0.04249103367328644
0.05283762887120247
0.04368050396442413
0.054128095507621765
0.06967034935951233
0.10484763979911804
0.06440146267414093
0.039829906076192856
0.042524565011262894
0.049668699502944946
0.06084750220179558
0.04059652239084244
0.05034073442220688
0.05384548753499985
0.046285420656204224
0.032905515283346176
0.04205925390124321
0.03769390285015106
0.03831920772790909
0.035369981080293655
0.029666012153029442
0.03561682254076004
0.060181207954883575
0.07199432700872421
0.05586374178528786
0.0808149054646492
0.07625195384025574
0.04969920590519905
0.04542449861764908
0.044589463621377945
0.03587326034903526
0.05859101191163063
0.04600653797388077
0.046498481184244156
0.04616885632276535
0.0375334657728672
0.03681143745779991
0.04529412090778351
0.04366665706038475
0.072443388402462
0.06074179708957672
0.05088285356760025
0.05736153572797775
0.04628193750977516
0.041482046246528625
0.06603119522333145
0.061895500868558884
0.06939541548490524
0.047818586230278015
0.03737345710396767
0.04135435074567795
0.02548276260495186
0.020970167592167854
0.04400991275906563
0.04220015928149223
0.0721452608704567
0.06288594007492065
0.04267745465040207
0.03360096365213394
0.049413345754146576
0.038711365312337875
0.03912176936864853
0.0669531598687172
0.08661952614784241
0.03727259486913681
0.05912796035408974
0.03556316718459129
0.04834761098027229
0.04887456074357033
0.029110414907336235
0.034698013216257095
0.06848649680614471
0.05289234220981598
0.04666448011994362
0.05605980008840561
0.03829082101583481
0.04154045134782791
0.03712339326739311
0.03605307638645172
0.061895083636045456
0.04111824557185173
0.03484702110290527
0.04122979938983917
0.06130385398864746
0.055097728967666626
0.07655108720064163
0.07152687013149261
0.0574352853000164
0.03918132185935974
0.036499496549367905
0.062380481511354446
0.046775829046964645
0.043616924434900284
0.0505155548453331
0.048247937113046646
0.04532762989401817
0.042663201689720154
0.05447230860590935
0.0555671751499176
0.0333830863237381
0.04338552802801132
0.05240398272871971
0.03444518521428108
0.037543125450611115
0.04388462007045746
0.050354648381471634
0.02758963592350483
0.030888356268405914
0.030998066067695618
0.043658751994371414
0.061607833951711655
0.05386059731245041
0.04989611729979515
0.045370154082775116
0.04011150449514389
0.0388031043112278
0.05269823595881462
0.04373723641037941
0.02951655350625515
0.03929796814918518
0.07279859483242035
0.07085147500038147
0.09047286212444305
0.06638924777507782
0.03286124765872955
0.04069329798221588
0.038876209408044815
0.03141458332538605
0.02919074334204197
0.036713674664497375
0.05571852996945381
0.036108966916799545
0.045982565730810165
0.03968469053506851
0.03461296111345291
0.0395086444914341
0.044155608862638474
0.05099773779511452
0.029697589576244354
0.03700835257768631
0.050159141421318054
0.07386837899684906
0.07091398537158966
0.05146515741944313
0.04539455845952034
0.05499950796365738
0.05729570984840393
0.04985453560948372
0.05296827480196953
0.04765956103801727
0.03839319199323654
0.04928707703948021
0.07506637275218964
0.049091726541519165
0.05252857133746147
0.0431818813085556
0.039919283241033554
0.022902103140950203
0.046427857130765915
0.04458373412489891
0.05076713487505913
0.03539009019732475
0.03411822021007538
0.05088545009493828
0.03749195113778114
0.047953348606824875
0.05874194577336311
0.037927720695734024
0.049192171543836594
0.03228877857327461
0.0680709108710289
0.05826675519347191
0.0699084922671318
0.037210140377283096
0.035879217088222504
0.040030404925346375
0.05871182307600975
0.05986519157886505
0.054782409220933914
0.027223343029618263
0.0347103588283062
0.05036650225520134
0.0573798269033432
0.07548634707927704
0.043201569467782974
0.02611357718706131
0.03989244997501373
0.037395454943180084
0.03163420036435127
0.0412442684173584
0.05502985417842865
0.0396023653447628
0.04660753905773163
0.03802816942334175
0.04151299595832825
0.056281715631484985
0.03927330672740936
0.03674117475748062
0.05765899643301964
0.038846876472234726
0.035636335611343384
0.04589821770787239
0.03686009719967842
0.0426873117685318
0.04804288223385811
0.047497157007455826
0.03183947876095772
0.03168158605694771
0.0412488728761673
0.04681357741355896
0.04107744246721268
0.03914951905608177
0.048891831189394
0.039422642439603806
0.03652745485305786
0.026037298142910004
0.027117660269141197
0.045723363757133484
0.03791069611907005
0.059817660599946976
0.05536241829395294
0.04745033383369446
0.0894496738910675
0.044783733785152435
0.03826195374131203
0.03648921102285385
0.04621643200516701
0.0374382846057415
0.03161286190152168
0.03275052830576897
0.04431016743183136
0.03707520663738251
0.04120320454239845
0.04939191788434982
0.057399217039346695
0.0625336691737175
0.06940865516662598
0.07760773599147797
0.04552343860268593
0.05249040946364403
0.051696594804525375
0.04175213724374771
0.030536577105522156
0.03476941958069801
0.0332472138106823
0.029722649604082108
0.02840222790837288
0.05423544719815254
0.04979581758379936
0.0450991727411747
0.03602687269449234
0.049318019300699234
0.07295854389667511
0.05384470149874687
0.0292255450040102
0.0279519185423851
0.036979325115680695
0.047344669699668884
0.04788532108068466
0.04483740031719208
0.059907685965299606
0.04237692803144455
0.027801062911748886
0.034800413995981216
0.056123036891222
0.04132517799735069
0.04248111695051193
0.04733054339885712
0.04400726407766342
0.037102118134498596
0.05283220857381821
0.05713086947798729
0.06323506683111191
0.04522096738219261
0.0496564581990242
0.029300883412361145
0.03507309406995773
0.03745007887482643
0.035845547914505005
0.04210560768842697
0.05358230695128441
0.0505504310131073
0.054050903767347336
0.05502902343869209
0.04155140370130539
0.043218180537223816
0.03726325184106827
0.023315483704209328
0.044561129063367844
0.04398319125175476
0.07151895761489868
0.06732472777366638
0.043709516525268555
0.04032627120614052
0.0373757928609848
0.03200425207614899
0.037582725286483765
0.05612122640013695
0.04770704358816147
0.034099701792001724
0.050965938717126846
0.054556671530008316
0.05080356076359749
0.05375828221440315
0.048811182379722595
0.039711326360702515
0.03341617435216904
0.0325465053319931
0.035147525370121
0.04267580807209015
0.03622932732105255
0.04013077914714813
0.05594553053379059
0.05860861390829086
0.044916436076164246
0.041717562824487686
0.04936361685395241
0.03980507701635361
0.035734210163354874
0.03517177700996399
0.0521848201751709
0.04080590605735779
0.04681982472538948
0.041579775512218475
0.037450142204761505
0.03537406772375107
0.03838270902633667
0.034388307482004166
0.040417928248643875
0.038562752306461334
0.05137700214982033
0.04048864543437958
0.06477006524801254
0.06305695325136185
0.05689186230301857
0.06731674820184708
0.04862935468554497
0.04546284303069115
0.03197617456316948
0.04440339654684067
0.02152000181376934
0.027261443436145782
0.040086716413497925
0.03970501944422722
0.033592045307159424
0.04867066442966461
0.04934322461485863
0.0365498885512352
0.04411311075091362
0.049300216138362885
0.03753534331917763
0.04194324463605881
0.03309653326869011
0.0344436913728714
0.03758297488093376
0.04967636987566948
0.08504286408424377
0.05658372491598129
0.030384855344891548
0.0309126153588295
0.029444541782140732
0.03890062868595123
0.03892920911312103
0.04292720928788185
0.038451775908470154
0.05299042537808418
0.039768777787685394
0.04700110852718353
0.04423017054796219
0.03573417291045189
0.03480492904782295
0.04370336979627609
0.03651554882526398
0.03886964172124863
0.03572867438197136
0.050390057265758514
0.048023756593465805
0.030300188809633255
0.0439387783408165
0.05585058778524399
0.054781049489974976
0.03639458492398262
0.031821537762880325
0.030370550230145454
0.039031416177749634
0.04659220203757286
0.048650678247213364
0.0479641854763031
0.036383699625730515
0.0474637970328331
0.056622907519340515
0.046804849058389664
0.0595860481262207
0.04365897551178932
0.03428760915994644
0.031482040882110596
0.043768201023340225
0.03554922714829445
0.0343916192650795
0.03349169343709946
0.036232493817806244
0.0299347136169672
0.06691383570432663
0.04505322501063347
0.03365064039826393
0.028475726023316383
0.04147912189364433
0.059614721685647964
0.06009381264448166
0.047843076288700104
0.027356361970305443
0.030453858897089958
0.03134089335799217
0.0415889210999012
0.040210895240306854
0.03732512891292572
0.03602265566587448
0.045353230088949203
0.03798844292759895
0.05268339067697525
0.03328745812177658
0.03214782848954201
0.03852744773030281
0.047981925308704376
0.06335308402776718
0.0561273917555809
0.03212693706154823
0.021107446402311325
0.038665786385536194
0.0449998565018177
0.03563179820775986
0.031202469021081924
0.0539139062166214
0.05596812069416046
0.03913102671504021
0.035419389605522156
0.03533606603741646
0.03397786244750023
0.031096935272216797
0.03708280250430107
0.03415341675281525
0.03607793152332306
0.03447997570037842
0.05145787075161934
0.06724060326814651
0.05565982684493065
0.04523100703954697
0.03950166329741478
0.04052353277802467
0.05498947203159332
0.037480901926755905
0.022516906261444092
0.03071344457566738
0.025704409927129745
0.03030865266919136
0.03985931724309921
0.04212728515267372
0.07068797945976257
0.08546733111143112
0.03409596160054207
0.029968108981847763
0.03633707016706467
0.034045085310935974
0.034209828823804855
0.030478671193122864
0.041086599230766296
0.02194213680922985
0.04656808078289032
0.045637331902980804
0.037707000970840454
0.038795217871665955
0.026173600926995277
0.05147063732147217
0.058467064052820206
0.04713534191250801
0.057188067585229874
0.02528356947004795
0.035071078687906265
0.0335441492497921
0.04306718707084656
0.03763807937502861
0.03381216153502464
0.046875376254320145
0.04916684702038765
0.0527484267950058
0.034577690064907074
0.043001845479011536
0.05153593048453331
0.06034190580248833
0.03233848884701729
0.0334414541721344
0.041094545274972916
0.04071468487381935
0.03310447558760643
0.03328948840498924
0.04301796853542328
0.04219159111380577
0.04133071005344391
0.044090863317251205
0.05546332523226738
0.04597388207912445
0.03547409549355507
0.04598803073167801
0.03350558131933212
0.03145706281065941
0.04216238111257553
0.0309065580368042
0.036327071487903595
0.0480029433965683
0.03992713615298271
0.046198759227991104
0.04701890051364899
0.024278702214360237
0.027073027566075325
0.039145465940237045
0.032538041472435
0.035030290484428406
0.034928567707538605
0.068570077419281
0.07546042650938034
0.04256989434361458
0.033077605068683624
0.0409407801926136
0.043564148247241974
0.02864142879843712
0.041086722165346146
0.01972419209778309
0.029633903875947
0.039125848561525345
0.0384417399764061
0.043379321694374084
0.04134276881814003
0.02598792128264904
0.03400661051273346
0.030398141592741013
0.026703422889113426
0.0350852906703949
0.05177833139896393
0.07160906493663788
0.04353347420692444
0.02314382791519165
0.030955038964748383
0.03305566683411598
0.033898819237947464
0.028618769720196724
0.03859368711709976
0.040190428495407104
0.06164003536105156
0.045527853071689606
0.04947681725025177
0.047052282840013504
0.0367899015545845
0.03683802857995033
0.03042304515838623
0.050189338624477386
0.02813946083188057
0.05720015615224838
0.03735392540693283
0.058584604412317276
0.05863260105252266
0.05015772953629494
0.020165834575891495
0.029160134494304657
0.029884686693549156
0.03133411705493927
0.04308199882507324
0.04630632326006889
0.03439225256443024
0.0371895357966423
0.042598601430654526
0.045444369316101074
0.047417134046554565
0.039689578115940094
0.035285234451293945
0.034539252519607544
0.05696490779519081
0.06819169968366623
0.04569309577345848
0.03961807116866112
0.040513698011636734
0.055467162281274796
0.04761354997754097
0.032788969576358795
0.029002642259001732
0.0385248102247715
0.029456447809934616
0.03219509869813919
0.04945720359683037
0.05372641980648041
0.05874329060316086
0.029609745368361473
0.037060681730508804
0.029934406280517578
0.024271294474601746
0.04789883643388748
0.031204786151647568
0.03301669657230377
0.021402578800916672
0.030196012929081917
0.035705212503671646
0.0350177064538002
0.02701648510992527
0.04042753577232361
0.04059483855962753
0.03892030194401741
0.04927169159054756
0.03380369022488594
0.04152480140328407
0.057184334844350815
0.030951017513871193
0.030475575476884842
0.03000313602387905
0.029465600848197937
0.03478159010410309
0.04328625649213791
0.035082146525382996
0.02217441238462925
0.033295564353466034
0.035884495824575424
0.04305592551827431
0.04885384440422058
0.021700821816921234
0.029154736548662186
0.026404568925499916
0.02747063711285591
0.03390286862850189
0.03770291432738304
0.03194993734359741
0.03005700558423996
0.026846593245863914
0.039561644196510315
0.03915049880743027
0.06167595833539963
0.03924083709716797
0.060033418238162994
0.03811512142419815
0.03358815610408783
0.031630247831344604
0.028860745951533318
0.03589843586087227
0.03280545398592949
0.03209977224469185
0.04688292369246483
0.05433252826333046
0.041240982711315155
0.025607168674468994
0.036974601447582245
0.037587374448776245
0.03766924515366554
0.043364111334085464
0.0538267120718956
0.033691953867673874
0.05802185833454132
0.04766043648123741
0.059477925300598145
0.03844533860683441
0.03076978214085102
0.035254381597042084
0.02491924725472927
0.03692919388413429
0.051789626479148865
0.04229281470179558
0.04461286589503288
0.03843696415424347
0.0382707454264164
0.04876043274998665
0.0353354886174202
0.02929336577653885
0.02205537259578705
0.027168044820427895
0.03179112821817398
0.026927797123789787
0.03418708220124245
0.042510561645030975
0.024690184742212296
0.0230892151594162
0.03089258447289467
0.019857266917824745
0.02001958154141903
0.03676030784845352
0.03372214734554291
0.05267224460840225
0.05710756778717041
0.04763053357601166
0.042847953736782074
0.03857329860329628
0.03848879039287567
0.03542191907763481
0.024499304592609406
0.03494514524936676
0.03915258124470711
0.03237288072705269
0.03298179805278778
0.027498627081513405
0.026203107088804245
0.03193365037441254
0.03929514065384865
0.05897991731762886
0.035059839487075806
0.03811690956354141
0.04828165844082832
0.04943843185901642
0.03749717026948929
0.046858321875333786
0.03599799424409866
0.037507474422454834
0.02415657974779606
0.03640228137373924
0.05169210955500603
0.0436992347240448
0.032471440732479095
0.029915204271674156
0.0442202053964138
0.03909008577466011
0.035775862634181976
0.038857102394104004
0.03713279590010643
0.032691482454538345
0.03086147829890251
0.039061982184648514
0.02644113264977932
0.030234361067414284
0.039025429636240005
0.029064243659377098
0.037209175527095795
0.040042467415332794
0.03359280899167061
0.040685366839170456
0.035825978964567184
0.03128300979733467
0.025815770030021667
0.03991609811782837
0.037735067307949066
0.025404810905456543
0.02589281089603901
0.04803398251533508
0.05391864851117134
0.04953756928443909
0.04707520827651024
0.027263738214969635
0.030734140425920486
0.031287726014852524
0.035707738250494
0.03972169756889343
0.05100105702877045
0.03627507761120796
0.034050922840833664
0.04098143428564072
0.034589242190122604
0.025925803929567337
0.02693125233054161
0.037401825189590454
0.022290639579296112
0.03588219732046127
0.048822931945323944
0.03550314903259277
0.03366229310631752
0.050132717937231064
0.04464663937687874
0.03591800481081009
0.03868991881608963
0.05589098855853081
0.06459729373455048
0.05357424169778824
0.03707971051335335
0.029685284942388535
0.046791985630989075
0.03376012668013573
0.026559066027402878
0.026195960119366646
0.03084854781627655
0.027558282017707825
0.0280038770288229
0.04369766265153885
0.02209411934018135
0.03817003220319748
0.04733562469482422
0.03154262155294418
0.032063331454992294
0.020978009328246117
0.03281918540596962
0.05003275349736214
0.021654527634382248
0.025355929508805275
0.042694468051195145
0.033141087740659714
0.055441275238990784
0.042342137545347214
0.037604738026857376
0.030262615531682968
0.045759234577417374
0.04261280968785286
0.024531114846467972
0.026256339624524117
0.032278094440698624
0.046655863523483276
0.022225553169846535
0.035718563944101334
0.03450712189078331
0.025912772864103317
0.0262419693171978
0.03313056379556656
0.03858477249741554
0.04277382045984268
0.03739957883954048
0.03875309228897095
0.03409852832555771
0.027018608525395393
0.024757249280810356
0.03450565040111542
0.032266583293676376
0.034120120108127594
0.039728183299303055
0.037313319742679596
0.03622861206531525
0.028168493881821632
0.03571862727403641
0.053573962301015854
0.03754749149084091
0.04886477068066597
0.04734338819980621
0.03506122902035713
0.029735811054706573
0.02735709957778454
0.04157693684101105
0.03206999599933624
0.03054729476571083
0.031138869002461433
0.038108423352241516
0.020814325660467148
0.032089341431856155
0.03577158972620964
0.04360417276620865
0.029214877635240555
0.03544612601399422
0.039873432368040085
0.029572250321507454
0.03668982535600662
0.0581241138279438
0.04462337866425514
0.05329030007123947
0.05239684879779816
0.029396213591098785
0.04392749443650246
0.02416815795004368
0.04384616017341614
0.03798709809780121
0.03059268556535244
0.03407200798392296
0.058857616037130356
0.03348362818360329
0.030299289152026176
0.03184159845113754
0.03550965338945389
0.03226925805211067
0.030809573829174042
0.05119584873318672
0.045044589787721634
0.03935622796416283
0.02931750938296318
0.02485755644738674
0.025379223749041557
0.02033626288175583
0.03653953969478607
0.02864999510347843
0.02588866464793682
0.03489798679947853
0.044463735073804855
0.033731650561094284
0.025130240246653557
0.05184132605791092
0.027100656181573868
0.017899183556437492
0.02675413154065609
0.03988518565893173
0.044535908848047256
0.048120271414518356
0.042919598519802094
0.04520667716860771
0.052621956914663315
0.03357141092419624
0.03614436462521553
0.020904958248138428
0.03687275946140289
0.03973141312599182
0.0295746810734272
0.029023868963122368
0.031234778463840485
0.04726919159293175
0.03397959843277931
0.038816481828689575
0.04001437500119209
0.047900594770908356
0.040567804127931595
0.03800429031252861
0.0344744473695755
0.03788328915834427
0.03648575767874718
0.03503873199224472
0.017882393673062325
0.02126721292734146
0.023021884262561798
0.035301562398672104
0.02596750669181347
0.035710062831640244
0.04121142998337746
0.036057353019714355
0.031716376543045044
0.04084181785583496
0.03329108655452728
0.04555941000580788
0.0459132045507431
0.03376059979200363
0.029666617512702942
0.041851405054330826
0.03219527751207352
0.02626434527337551
0.0386517196893692
0.03174846991896629
0.03703216835856438
0.019682524725794792
0.02787499688565731
0.028743110597133636
0.030559027567505836
0.030270099639892578
0.030790548771619797
0.06258659809827805
0.04686954990029335
0.03287603333592415
0.028471004217863083
0.0324382558465004
0.022044528275728226
0.023217806592583656
0.03120560012757778
0.026518821716308594
0.03685804456472397
0.04662714898586273
0.04700372740626335
0.04534503445029259
0.026791132986545563
0.03936280682682991
0.03653891757130623
0.02637910284101963
0.024234559386968613
0.02458636835217476
0.054030608385801315
0.03751029074192047
0.022656647488474846
0.02464023418724537
0.03041914664208889
0.017042560502886772
0.029936153441667557
0.01734287478029728
0.04848947376012802
0.04901625216007233
0.05519756302237511
0.04092700406908989
0.032461944967508316
0.027139000594615936
0.02937946282327175
0.029171040281653404
0.022540682926774025
0.027503522112965584
0.03233041614294052
0.040391482412815094
0.03644954040646553
0.03569592535495758
0.019173014909029007
0.026121821254491806
0.02605397440493107
0.035519588738679886
0.031045889481902122
0.035090867429971695
0.026836849749088287
0.03719649463891983
0.019111845642328262
0.035256367176771164
0.052294887602329254
0.046226877719163895
0.04322432354092598
0.019827747717499733
0.023855555802583694
0.03887702524662018
0.025781409814953804
0.03792990744113922
0.04168382287025452
0.03350464999675751
0.03820869326591492
0.045677293092012405
0.05659564584493637
0.047049570828676224
0.028549261391162872
0.025758028030395508
0.027467407286167145
0.044753532856702805
0.07108643651008606
0.028121724724769592
0.026150327175855637
0.024757198989391327
0.032706186175346375
0.026518523693084717
0.023403916507959366
0.027318982407450676
0.02960583008825779
0.02336185984313488
0.02471110410988331
0.04811275377869606
0.05213409289717674
0.033852335065603256
0.026420941576361656
0.025972099974751472
0.029952961951494217
0.04463692754507065
0.03379597142338753
0.028836404904723167
0.021572129800915718
0.03540465235710144
0.035629477351903915
0.021712226793169975
0.031848616898059845
0.032265547662973404
0.04322108253836632
0.033563826233148575
0.023331036791205406
0.03058772161602974
0.024752074852585793
0.028468593955039978
0.036647092550992966
0.03608853742480278
0.0647224560379982
0.04097313433885574
0.029565861448645592
0.04022682085633278
0.03542130067944527
0.03178378567099571
0.032490555197000504
0.045240383595228195
0.0400703102350235
0.024774089455604553
0.028706463053822517
0.04101262986660004
0.046970468014478683
0.02921147830784321
0.025545818731188774
0.03636368736624718
0.02015865594148636
0.025320621207356453
0.029588177800178528
0.02574177272617817
0.06686049699783325
0.04926222190260887
0.03484679013490677
0.020242804661393166
0.02385893277823925
0.03135191276669502
0.03786666691303253
0.031066952273249626
0.0368557944893837
0.03306196630001068
0.03136056289076805
0.029103578999638557
0.027489297091960907
0.03722376003861427
0.022705718874931335
0.02601936273276806
0.023456165567040443
0.018765902146697044
0.02272130735218525
0.023500969633460045
0.028938788920640945
0.03390765190124512
0.05103877931833267
0.059548135846853256
0.05383353307843208
0.024443693459033966
0.039510760456323624
0.0280916765332222
0.0366532988846302
0.01815139502286911
0.04337127134203911
0.018980935215950012
0.031776100397109985
0.02375910058617592
0.024144379422068596
0.02454226464033127
0.03956875205039978
0.037974968552589417
0.04412283003330231
0.05247269943356514
0.03956964984536171
0.04111617058515549
0.03313275799155235
0.03805643692612648
0.03458152711391449
0.026649784296751022
0.03541215881705284
0.024528319016098976
0.02489960379898548
0.02443631924688816
0.027687206864356995
0.01797301694750786
0.01372270006686449
0.04601629078388214
0.051021553575992584
0.04190124571323395
0.027258742600679398
0.03747069463133812
0.030327744781970978
0.04665942117571831
0.03028988093137741
0.0320679135620594
0.026598425582051277
0.016184072941541672
0.01940958946943283
0.011206808499991894
0.02100624330341816
0.027417192235589027
0.026515942066907883
0.054277244955301285
0.03432823717594147
0.02564138174057007
0.018065577372908592
0.025723345577716827
0.03730370104312897
0.038746170699596405
0.04355572536587715
0.02938183955848217
0.027395809069275856
0.028829574584960938
0.02880004234611988
0.025399809703230858
0.04144244268536568
0.04593079537153244
0.03577052056789398
0.017367208376526833
0.021255269646644592
0.024206342175602913
0.02738942578434944
0.026283569633960724
0.030317697674036026
0.02646254561841488
0.030897879973053932
0.06150860711932182
0.047621626406908035
0.038707807660102844
0.03209567815065384
0.03269060328602791
0.02432899922132492
0.027247505262494087
0.029250068590044975
0.02216717042028904
0.026842450723052025
0.04922335594892502
0.06543003767728806
0.022741664201021194
0.019077949225902557
0.026408638805150986
0.03033461980521679
0.02923295460641384
0.030068760737776756
0.024428946897387505
0.024482928216457367
0.03206706792116165
0.026274051517248154
0.016524959355592728
0.018509266898036003
0.03893723338842392
0.0347069688141346
0.023710353299975395
0.026655619964003563
0.02723824419081211
0.020829640328884125
0.02779662422835827
0.032355502247810364
0.016504740342497826
0.01941825821995735
0.030668340623378754
0.03423966094851494
0.03353521600365639
0.03870357945561409
0.029389869421720505
0.027526836842298508
0.02942054718732834
0.02699953131377697
0.02569853514432907
0.01750681921839714
0.030948596075177193
0.017120392993092537
0.02710660733282566
0.03173457458615303
0.04468619450926781
0.024356327950954437
0.024927377700805664
0.041476041078567505
0.04701348766684532
0.06463208049535751
0.04957449063658714
0.029332928359508514
0.02969508431851864
0.030385734513401985
0.027673406526446342
0.026823710650205612
0.02528516761958599
0.019251611083745956
0.020020995289087296
0.020440945401787758
0.03335632011294365
0.03720749914646149
0.03161776065826416
0.03513234481215477
0.024845823645591736
0.02889811433851719
0.027469905093312263
0.028733029961586
0.019386226311326027
0.0268742386251688
0.028558433055877686
0.034002967178821564
0.03612000122666359
0.030619096010923386
0.02170744352042675
0.01876165345311165
0.027219800278544426
0.015800200402736664
0.031853195279836655
0.03945542499423027
0.02992132678627968
0.028548574075102806
0.03146706521511078
0.024394070729613304
0.03188208490610123
0.01834547519683838
0.032939471304416656
0.03425051271915436
0.04622938111424446
0.031922098249197006
0.02590327337384224
0.025338025763630867
0.031419336795806885
0.02114895172417164
0.02838430181145668
0.022517237812280655
0.03425890579819679
0.031827591359615326
0.023238442838191986
0.02780568040907383
0.028674161061644554
0.030993487685918808
0.031176472082734108
0.03748367726802826
0.02753930166363716
0.025304164737462997
0.03460429981350899
0.024757886305451393
0.03407200425863266
0.04105972871184349
0.02659096196293831
0.0142280962318182
0.025703206658363342
0.04832182824611664
0.052708253264427185
0.02215351164340973
0.031271256506443024
0.026919374242424965
0.02171175554394722
0.015897706151008606
0.021126985549926758
0.03440990671515465
0.027689049020409584
0.02721482701599598
0.02533763088285923
0.03708993270993233
0.028829393908381462
0.023568211123347282
0.021316664293408394
0.027210280299186707
0.029546326026320457
0.027749335393309593
0.033121947199106216
0.03986898437142372
0.019802359864115715
0.04206564277410507
0.025853056460618973
0.02581428922712803
0.023379480466246605
0.032243985682725906
0.04245953634381294
0.05529186874628067
0.035191893577575684
0.03128064423799515
0.02779921516776085
0.028840526938438416
0.027542410418391228
0.020789263769984245
0.014283460564911366
0.020696407184004784
0.015747496858239174
0.022503241896629333
0.03162137418985367
0.02932945266366005
0.025920014828443527
0.028034919872879982
0.022714467719197273
0.02512434497475624
0.020650409162044525
0.037762969732284546
0.05713476240634918
0.037831682711839676
0.04487355053424835
0.02570507489144802
0.027285320684313774
0.03167964518070221
0.02348604053258896
0.019632702693343163
0.021933896467089653
0.02338777296245098
0.029676204547286034
0.062483008950948715
0.047228388488292694
0.03446143493056297
0.019777078181505203
0.024946797639131546
0.0347110815346241
0.02001083455979824
0.01698954962193966
0.01961979828774929
0.026220696046948433
0.03290313854813576
0.036226898431777954
0.02766752429306507
0.027815377339720726
0.021683575585484505
0.02958393655717373
0.03245183825492859
0.02893955260515213
0.02757970616221428
0.034513961523771286
0.023608975112438202
0.031262923032045364
0.025720011442899704
0.02329293079674244
0.024180956184864044
0.02879949100315571
0.036840829998254776
0.021227359771728516
0.023846352472901344
0.02619318477809429
0.02964792773127556
0.03282985836267471
0.02288193255662918
0.028892509639263153
0.03337114676833153
0.02449042536318302
0.03452862799167633
0.036515120416879654
0.028214894235134125
0.04479188099503517
0.020463740453124046
0.021516090258955956
0.025132155045866966
0.031262561678886414
0.029497522860765457
0.022658465430140495
0.025491125881671906
0.01799943670630455
0.023542197421193123
0.031987518072128296
0.023972535505890846
0.028227567672729492
0.040919359773397446
0.05144238844513893
0.042403753846883774
0.027084939181804657
0.020448900759220123
0.020178690552711487
0.0156262144446373
0.026751380413770676
0.026707405224442482
0.016769956797361374
0.014741825871169567
0.027701392769813538
0.038030050694942474
0.04123620688915253
0.021439606323838234
0.032471124082803726
0.032034218311309814
0.024906998500227928
0.03335275128483772
0.0343649685382843
0.039761703461408615
0.026937304064631462
0.02380376122891903
0.01877904124557972
0.01903148926794529
0.013531655073165894
0.03008776344358921
0.022277643904089928
0.02558651752769947
0.024025071412324905
0.030096154659986496
0.030820397660136223
0.031525515019893646
0.027057088911533356
0.0444500632584095
0.02628277987241745
0.03190241754055023
0.043976496905088425
0.032309263944625854
0.028982210904359818
0.02216634899377823
0.017202310264110565
0.015497040003538132
0.026974612846970558
0.026404969394207
0.010961809195578098
0.025582773610949516
0.035764530301094055
0.023029282689094543
0.030038094148039818
0.026848582550883293
0.026921406388282776
0.05172843113541603
0.043116651475429535
0.033625055104494095
0.017175696790218353
0.02136240154504776
0.022753948345780373
0.02230421081185341
0.02709183841943741
0.04917367547750473
0.04272950813174248
0.03701620548963547
0.019110115244984627
0.023137371987104416
0.01889953948557377
0.02007574401795864
0.026892200112342834
0.023216521367430687
0.023693175986409187
0.017871279269456863
0.017623940482735634
0.031617339700460434
0.014150474220514297
0.034626685082912445
0.018371226266026497
0.03350198268890381
0.019351910799741745
0.024032587185502052
0.02007700502872467
0.021603459492325783
0.04210580885410309
0.04193368926644325
0.0343717485666275
0.03984474763274193
0.029840875416994095
0.01828216388821602
0.015311106108129025
0.024287046864628792
0.026579473167657852
0.02808370627462864
0.029558097943663597
0.029216593131422997
0.034175481647253036
0.024409832432866096
0.02732958272099495
0.021205883473157883
0.026949336752295494
0.024135639891028404
0.03750504553318024
0.032703183591365814
0.0225556381046772
0.02563476376235485
0.013932688161730766
0.017050519585609436
0.019751109182834625
0.01964637078344822
0.02898627333343029
0.016675295308232307
0.020447004586458206
0.026486551389098167
0.030869977548718452
0.030295465141534805
0.03168036788702011
0.024128051474690437
0.016300706192851067
0.02258162759244442
0.02281859703361988
0.013464635238051414
0.027708567678928375
0.038110777735710144
0.02289930358529091
0.03252042457461357
0.02818477153778076
0.025103235617280006
0.015069914050400257
0.01926392689347267
0.0270062368363142
0.02905338816344738
0.02622217684984207
0.024717409163713455
0.029100734740495682
0.029510624706745148
0.033996935933828354
0.03492794185876846
0.02432328276336193
0.0202573724091053
0.019025471061468124
0.01898471638560295
0.023110758513212204
0.025802796706557274
0.026760313659906387
0.019348958507180214
0.024861179292201996
0.015161562711000443
0.012364295311272144
0.01890747994184494
0.02554478868842125
0.015027114190161228
0.028745628893375397
0.030925191938877106
0.037466444075107574
0.04804541915655136
0.024483751505613327
0.0313282236456871
0.01953057013452053
0.027338692918419838
0.03189891204237938
0.028158631175756454
0.02396705560386181
0.031557802110910416
0.02717527002096176
0.02447114698588848
0.029527606442570686
0.021712394431233406
0.02296360582113266
0.02508697658777237
0.017501287162303925
0.0239864494651556
0.026670949533581734
0.03000885248184204
0.02941879816353321
0.02086002752184868
0.02202402986586094
0.02926262654364109
0.030051803216338158
0.03263355419039726
0.038404680788517
0.025492673739790916
0.02153184823691845
0.02457861602306366
0.02587510086596012
0.028227627277374268
0.02836899273097515
0.024862589314579964
0.02380814589560032
0.016038503497838974
0.015399495139718056
0.028678951784968376
0.029455363750457764
0.019367022439837456
0.031192665919661522
0.01886296272277832
0.017663076519966125
0.027324073016643524
0.03056868351995945
0.030332915484905243
0.03764672577381134
0.022194666787981987
0.020698420703411102
0.01921091228723526
0.021010542288422585
0.019621990621089935
0.018852053210139275
0.03071625716984272
0.027235697954893112
0.031560398638248444
0.03924868628382683
0.03187894821166992
0.02035546861588955
0.017007315531373024
0.018146397545933723
0.027443241328001022
0.016029059886932373
0.013882499188184738
0.014357456937432289
0.015751445665955544
0.021532351151108742
0.017761314287781715
0.02300252392888069
0.01659543812274933
0.014662347733974457
0.01809019222855568
0.022936847060918808
0.03617262840270996
0.021716153249144554
0.04285300895571709
0.04734943434596062
0.0427040159702301
0.03494427725672722
0.02190650999546051
0.01649078167974949
0.02008310705423355
0.024017412215471268
0.021678118035197258
0.020752303302288055
0.018147699534893036
0.024853836745023727
0.025324175134301186
0.0206650011241436
0.019762258976697922
0.014318509958684444
0.03755549341440201
0.03504195436835289
0.02646462433040142
0.019229721277952194
0.009965235367417336
0.014096166007220745
0.025908995419740677
0.01799389347434044
0.03503201901912689
0.023313123732805252
0.035159144550561905
0.032093461602926254
0.027552397921681404
0.03622645139694214
0.030382363125681877
0.024821054190397263
0.02047237940132618
0.0322619192302227
0.02451474592089653
0.02226913534104824
0.019598359242081642
0.03346247971057892
0.03792320191860199
0.016518527641892433
0.01943751610815525
0.024008410051465034
0.01397801749408245
0.016672728583216667
0.024941012263298035
0.02080736681818962
0.043881651014089584
0.019908439368009567
0.02808309718966484
0.021347403526306152
0.014443607069551945
0.023460064083337784
0.031191278249025345
0.025806359946727753
0.034395698457956314
0.023867523297667503
0.028209244832396507
0.018399108201265335
0.011760798282921314
0.016418153420090675
0.019146421924233437
0.021626172587275505
0.01924496702849865
0.020209429785609245
0.033143945038318634
0.035727277398109436
0.03471541032195091
0.043223991990089417
0.02198122814297676
0.03832022100687027
0.024006474763154984
0.01665237732231617
0.023709231987595558
0.024405332282185555
0.02343469299376011
0.023684969171881676
0.021925969049334526
0.02021811529994011
0.02425801195204258
0.04019889235496521
0.02463420107960701
0.034630537033081055
0.03736025467514992
0.03823797404766083
0.01908832974731922
0.02588728815317154
0.015108165331184864
0.026745423674583435
0.02403830550611019
0.0316244512796402
0.026441188529133797
0.02689450792968273
0.020304391160607338
0.0240649227052927
0.015673751011490822
0.018540287390351295
0.015355435200035572
0.028178973123431206
0.025272537022829056
0.02255631424486637
0.02394765429198742
0.019188478589057922
0.021693581715226173
0.03864939883351326
0.033788248896598816
0.026784639805555344
0.02791670151054859
0.02392398752272129
0.019641537219285965
0.02633270062506199
0.01728612743318081
0.02144390158355236
0.019168518483638763
0.02649477869272232
0.03194344416260719
0.03241508826613426
0.01806543953716755
0.014317142777144909
0.017106765881180763
0.024430502206087112
0.032503891736269
0.02607598528265953
0.02195119671523571
0.02844175510108471
0.02760404907166958
0.020066987723112106
0.019077343866229057
0.022216249257326126
0.02209172397851944
0.024537939578294754
0.021311156451702118
0.021722711622714996
0.019262613728642464
0.016515512019395828
0.01417790912091732
0.03425482660531998
0.03411666676402092
0.045399200171232224
0.030225325375795364
0.01930641382932663
0.019956005737185478
0.014618570916354656
0.022431518882513046
0.03148321434855461
0.029009554535150528
0.022635487839579582
0.025562867522239685
0.019871747121214867
0.020086562260985374
0.02045835554599762
0.028040437027812004
0.019235707819461823
0.021815255284309387
0.014772007241845131
0.027809293940663338
0.016872115433216095
0.02326279692351818
0.019656645134091377
0.02091984450817108
0.02086293138563633
0.01834142580628395
0.015556261874735355
0.015779156237840652
0.024443618953227997
0.013930780813097954
0.015709122642874718
0.03173521161079407
0.03780607506632805
0.03981923684477806
0.022507471963763237
0.028483442962169647
0.025724265724420547
0.02015029452741146
0.01774350367486477
0.015354687348008156
0.018588509410619736
0.027390744537115097
0.019344095140695572
0.020328396931290627
0.017632216215133667
0.0395948588848114
0.031178107485175133
0.03019280731678009
0.02038283832371235
0.015255090780556202
0.011009526439011097
0.016451459378004074
0.028426654636859894
0.026501093059778214
0.02717082016170025
0.022018617019057274
0.012342078611254692
0.014971679076552391
0.0152755631133914
0.021567678079009056
0.012856452725827694
0.02010001428425312
0.01913977786898613
0.015868930146098137
0.02345189079642296
0.02372903563082218
0.01483831088989973
0.017496129497885704
0.03488468751311302
0.036114487797021866
0.03561152517795563
0.022863194346427917
0.019748639315366745
0.024563685059547424
0.01632685586810112
0.021200237795710564
0.027031466364860535
0.023119110614061356
0.017621144652366638
0.013202655129134655
0.022037116810679436
0.01643294282257557
0.027845896780490875
0.0310639850795269
0.02557879500091076
0.01982724480330944
0.027042284607887268
0.023274794220924377
0.01729726977646351
0.014793382957577705
0.02524000220000744
0.021237211301922798
0.03452843055129051
0.021881558001041412
0.0287915226072073
0.04353880509734154
0.022224154323339462
0.015113810077309608
0.03086380660533905
0.02072317525744438
0.02104623056948185
0.024808891117572784
0.016108892858028412
0.025858089327812195
0.022057583555579185
0.025810010731220245
0.03064674884080887
0.019053880125284195
0.023680584505200386
0.01588815450668335
0.025396276265382767
0.019755177199840546
0.026211773976683617
0.020596658810973167
0.015640465542674065
0.017876863479614258
0.021257000043988228
0.04447553679347038
0.039474330842494965
0.03279711306095123
0.02163023315370083
0.021501678973436356
0.013106373138725758
0.017139054834842682
0.023444518446922302
0.0184829980134964
0.022380512207746506
0.022235071286559105
0.020330490544438362
0.013814215548336506
0.014325900003314018
0.013486333191394806
0.01807689294219017
0.018109796568751335
0.023368364199995995
0.038848262280225754
0.0413157194852829
0.04247278720140457
0.030257582664489746
0.022941265255212784
0.022909291088581085
0.01700076088309288
0.018686525523662567
0.029987487941980362
0.025198321789503098
0.018649810925126076
0.024271070957183838
0.01063790824264288
0.01610598713159561
0.029631705954670906
0.024599723517894745
0.030920710414648056
0.020598234608769417
0.015750827267766
0.020695284008979797
0.0171273835003376
0.015048271045088768
0.018707329407334328
0.022074928507208824
0.021210139617323875
0.024295812472701073
0.022538190707564354
0.017572803422808647
0.020607538521289825
0.02553655207157135
0.024148721247911453
0.0268597099930048
0.01927448809146881
0.013772099278867245
0.01369355246424675
0.018876565620303154
0.018607337027788162
0.032969292253255844
0.04963696375489235
0.03153716027736664
0.033791594207286835
0.023812441155314445
0.02645641379058361
0.014608859084546566
0.012475444935262203
0.018376432359218597
0.022260064259171486
0.031049031764268875
0.014688199386000633
0.019189730286598206
0.019444778561592102
0.012390716932713985
0.015816712751984596
0.019528457894921303
0.012190230190753937
0.018822820857167244
0.04132667928934097
0.029965121299028397
0.02859802544116974
0.030951619148254395
0.03380925953388214
0.01365868840366602
0.014283972792327404
0.015521891415119171
0.02277814783155918
0.027049483731389046
0.02339605800807476
0.03674280270934105
0.03708288073539734
0.021255146712064743
0.02307935059070587
0.017340920865535736
0.015114763751626015
0.03217216581106186
0.02793077751994133
0.03396448865532875
0.022139906883239746
0.01743381656706333
0.015166192315518856
0.0203716941177845
0.0226450152695179
0.02291301265358925
0.02383178286254406
0.02590188942849636
0.020952044054865837
0.02259039878845215
0.027111463248729706
0.021629953756928444
0.02672998607158661
0.025439690798521042
0.025556668639183044
0.014596663415431976
0.021366314962506294
0.024168431758880615
0.023358847945928574
0.017552033066749573
0.01952468976378441
0.01197732612490654
0.011992799118161201
0.02698143757879734
0.026522083207964897
0.024398498237133026
0.017221461981534958
0.013789050281047821
0.01622622087597847
0.01583266444504261
0.01960538700222969
0.01236013974994421
0.023629767820239067
0.03462084382772446
0.03372294828295708
0.029028134420514107
0.021621033549308777
0.0274550411850214
0.01605089381337166
0.013665231876075268
0.014773374423384666
0.014735129661858082
0.018311120569705963
0.02179069072008133
0.029620453715324402
0.0295578483492136
0.02349940687417984
0.01636725291609764
0.015757985413074493
0.014304784126579762
0.022986412048339844
0.0240448210388422
0.017133662477135658
0.029767537489533424
0.017329813912510872
0.017029203474521637
0.020514361560344696
0.018890999257564545
0.023674344643950462
0.02940806932747364
0.029356813058257103
0.028151553124189377
0.021655570715665817
0.019522232934832573
0.029484953731298447
0.01833968795835972
0.01317300833761692
0.015621466562151909
0.0264443252235651
0.017849067226052284
0.03281763941049576
0.022226503118872643
0.019866641610860825
0.03467654064297676
0.021253889426589012
0.0244500283151865
0.02210402302443981
0.01980222947895527
0.022797198966145515
0.020967809483408928
0.035246267914772034
0.028258059173822403
0.02988412417471409
0.013574456796050072
0.01776552014052868
0.022576238960027695
0.017768021672964096
0.022279664874076843
0.01758025959134102
0.016710931435227394
0.009922973811626434
0.01865932159125805
0.01962028071284294
0.02861899696290493
0.027222847566008568
0.024841774255037308
0.018261758610606194
0.019009053707122803
0.02431323006749153
0.01968166045844555
0.028665177524089813
0.03354175388813019
0.020572565495967865
0.033028360456228256
0.024268021807074547
0.024720925837755203
0.01746225170791149
0.019084876403212547
0.01991470903158188
0.0223628468811512
0.019712505862116814
0.024540593847632408
0.009354700334370136
0.013372432440519333
0.01602483168244362
0.017544232308864594
0.019703172147274017
0.02973230928182602
0.020015774294734
0.016033165156841278
0.013583756983280182
0.01861477456986904
0.02229703962802887
0.03573431447148323
0.034353725612163544
0.020542550832033157
0.018110014498233795
0.012286709621548653
0.013735325075685978
0.016453053802251816
0.02071351371705532
0.03203916922211647
0.03401220589876175
0.032552093267440796
0.02442520670592785
0.014090013690292835
0.01965690217912197
0.021145381033420563
0.02159087359905243
0.01947411149740219
0.015901418402791023
0.019244616851210594
0.010799210518598557
0.018250010907649994
0.02074999175965786
0.02476608194410801
0.043501388281583786
0.031558334827423096
0.05146922171115875
0.019586538895964622
0.02479042112827301
0.022480418905615807
0.024102944880723953
0.01667408086359501
0.010923046618700027
0.0266899224370718
0.013861154206097126
0.019244490191340446
0.022271567955613136
0.02181076444685459
0.018385134637355804
0.01879587396979332
0.03195006027817726
0.02416101284325123
0.012534074485301971
0.015153629705309868
0.021201688796281815
0.02235300838947296
0.01828792504966259
0.014236057177186012
0.011939183808863163
0.018340671434998512
0.02551398053765297
0.02182186394929886
0.011420483700931072
0.02042555809020996
0.02880898490548134
0.0272689051926136
0.02726397104561329
0.01979069411754608
0.017101209610700607
0.018045645207166672
0.013119351118803024
0.014352628961205482
0.017003554850816727
0.018770474940538406
0.022044163197278976
0.033427897840738297
0.019364023581147194
0.03423085808753967
0.025480514392256737
0.018859028816223145
0.009713659062981606
0.021087609231472015
0.01587343029677868
0.019263528287410736
0.02916199155151844
0.029977863654494286
0.03836262226104736
0.02626793645322323
0.02249469794332981
0.031006909906864166
0.020079391077160835
0.020942628383636475
0.01916675642132759
0.016946488991379738
0.02308979257941246
0.01331394910812378
0.014716558158397675
0.01468184869736433
0.02075352892279625
0.01638752780854702
0.020988449454307556
0.02724725753068924
0.027708906680345535
0.023831568658351898
0.02016221359372139
0.02150820754468441
0.02022232487797737
0.02587306499481201
0.020866699516773224
0.014849857427179813
0.02885293960571289
0.014581926167011261
0.02205744758248329
0.0231358353048563
0.0255589596927166
0.021376054733991623
0.014189034700393677
0.019548432901501656
0.010009811259806156
0.010962314903736115
0.014752996154129505
0.015966814011335373
0.019710231572389603
0.023009996861219406
0.02130134589970112
0.02311616949737072
0.018038127571344376
0.019734911620616913
0.021073902025818825
0.01783997006714344
0.01690971851348877
0.021083280444145203
0.020714689046144485
0.020605435594916344
0.019314605742692947
0.024965308606624603
0.014170104637742043
0.009601447731256485
0.014147106558084488
0.02060702256858349
0.022296082228422165
0.022792084142565727
0.036533113569021225
0.021545493975281715
0.009781570173799992
0.00773326912894845
0.011777040548622608
0.01734718680381775
0.017049863934516907
0.017427749931812286
0.015375821851193905
0.020050792023539543
0.024229466915130615
0.02717410773038864
0.01574322022497654
0.01276802271604538
0.01713019423186779
0.021920520812273026
0.01522383838891983
0.030595174059271812
0.02201058715581894
0.022509850561618805
0.023219220340251923
0.024080583825707436
0.02372612990438938
0.02541542612016201
0.02433951199054718
0.013628180138766766
0.01237444207072258
0.01048678532242775
0.010105997323989868
