1.4452024698257446
0.7717998027801514
0.41916871070861816
0.15602074563503265
0.1329203099012375
0.10187289118766785
0.1358204483985901
0.11494180560112
0.08690431714057922
0.07653576880693436
0.07793531566858292
0.09874390810728073
0.06162093207240105
0.08474783599376678
0.10326842963695526
0.08593963831663132
0.09463801234960556
0.11776845902204514
0.06661521643400192
0.08339068293571472
0.07238662242889404
0.08501440286636353
0.0757298693060875
0.05229424312710762
0.07295069098472595
0.057850394397974014
0.0614619143307209
0.05559401586651802
0.0637480616569519
0.06433829665184021
0.0620708242058754
0.067020945250988
0.04976604878902435
0.06522059440612793
0.05891692638397217
0.07131596654653549
0.05623626336455345
0.05310782045125961
0.058535002171993256
0.05148990452289581
0.05134277418255806
0.04141507297754288
0.042545415461063385
0.03802291676402092
0.04715163633227348
0.05677361041307449
0.05696916952729225
0.04939597100019455
0.04575163871049881
0.04179681837558746
0.03631489351391792
0.04223749786615372
0.03798263147473335
0.03434295952320099
0.04151732847094536
0.032865382730960846
0.043842025101184845
0.05332036316394806
0.04883883520960808
0.087572380900383
0.033015500754117966
0.030322380363941193
0.034894317388534546
0.03149811550974846
0.03980870544910431
0.05892138555645943
0.08680063486099243
0.06020487844944
0.04127686470746994
0.040219902992248535
0.03566787391901016
0.03369613736867905
0.035240620374679565
0.031197819858789444
0.02557334676384926
0.031469520181417465
0.029966212809085846
0.03309221938252449
0.03469239920377731
0.029576219618320465
0.030718771740794182
0.028555061668157578
0.027128245681524277
0.02824307419359684
0.02499578520655632
0.026618899777531624
0.02585243433713913
0.02314995974302292
0.025311844423413277
0.020273566246032715
0.02793327160179615
0.024308206513524055
0.02799663320183754
0.024671675637364388
0.0352802649140358
0.05249148979783058
0.06549392640590668
0.03354298695921898
0.02725173905491829
0.024567730724811554
0.01809561438858509
0.016818160191178322
0.015245487913489342
0.016786109656095505
0.020940372720360756
0.021930456161499023
0.020654873922467232
0.01959272287786007
0.0202042143791914
0.020599372684955597
0.01777937263250351
0.017043745145201683
0.014514627866446972
0.01687520556151867
0.018504515290260315
0.021394183859229088
0.03371258080005646
0.044705573469400406
0.026210563257336617
0.016644693911075592
0.016507217660546303
0.0168519988656044
0.01701691560447216
0.015851611271500587
0.013109645806252956
0.011971858330070972
0.011303110979497433
0.00993999931961298
0.016406528651714325
0.0180496908724308
0.020169761031866074
0.014789688400924206
0.01360103115439415
0.014296024106442928
0.013372056186199188
0.010757253505289555
0.007497125770896673
0.006114327348768711
0.0074661411345005035
0.007829741574823856
0.006868524942547083
0.006155400071293116
0.008388292975723743
0.007015777286142111
0.00645773159340024
0.006675360724329948
0.010142979212105274
0.03418766334652901
0.056172143667936325
0.02400442212820053
0.0066536469385027885
0.005491593852639198
0.005839357152581215
0.004475833382457495
0.004601983353495598
0.005537256598472595
0.005668116267770529
0.004706021398305893
0.00357868243008852
0.005188182462006807
0.0076977843418717384
0.010376465506851673
0.01740504801273346
0.02236476168036461
0.018472053110599518
0.011259164661169052
0.0068397317081689835
0.005419143475592136
0.005826700944453478
0.005062280688434839
0.0047309924848377705
0.004185868427157402
0.0055218408815562725
0.006612621713429689
0.0064158691093325615
0.008771747350692749
0.013405019417405128
0.015498901717364788
0.009552542120218277
0.007316460832953453
0.006305644288659096
0.0063619464635849
0.006503778509795666
0.006571018602699041
0.005739158950746059
0.006571175996214151
0.0063332198187708855
0.006786331534385681
0.009065533988177776
0.010233929380774498
0.010446060448884964
0.010557007044553757
0.00781742949038744
0.006476873531937599
0.005764520261436701
0.00443496648222208
0.0040779500268399715
0.004129910375922918
0.0038096376229077578
0.005159204825758934
0.005117317661643028
0.006036555860191584
0.006064840592443943
0.006038399878889322
0.004393299110233784
0.005432100500911474
0.006179788615554571
0.007555638439953327
0.008397613652050495
0.008950389921665192
0.008957656100392342
0.008787743747234344
0.007529163267463446
0.006595278158783913
0.0056829070672392845
0.004821671172976494
0.00486224889755249
0.0048016952350735664
0.005112829618155956
0.004241330083459616
0.004042117390781641
0.004877169616520405
0.006495944224298
0.008025004528462887
0.006850195117294788
0.006801189389079809
0.006604099180549383
0.007722477428615093
0.0048043145798146725
0.004435770213603973
0.003754145698621869
0.0032869097776710987
0.003020673291757703
0.00403371499851346
0.006640170235186815
0.009967181831598282
0.010569538921117783
0.011624105274677277
0.007836530916392803
0.005711542908102274
0.004325891844928265
0.0036933126393705606
0.0037950945552438498
0.0035515278577804565
0.0037526055239140987
0.004098077770322561
0.004582288675010204
0.004557811189442873
0.004145926795899868
0.0041153402999043465
0.004595132078975439
0.005409307312220335
0.004501733463257551
0.005224229302257299
0.005166835151612759
0.006378563586622477
0.007132440805435181
0.008451797068119049
0.007905115373432636
0.0070702447555959225
0.004900582600384951
0.004281533882021904
0.003881164826452732
0.0032412076834589243
0.0026621250435709953
0.00303786457516253
0.003420020453631878
0.0037497810553759336
0.004021078813821077
0.004950155969709158
0.006138501223176718
0.006899707950651646
0.006000324618071318
0.005242928396910429
0.0043601980432868
0.003857665928080678
0.003847092157229781
0.00514547573402524
0.007392507046461105
0.008979410864412785
0.007486957125365734
0.006329477299004793
0.004585178103297949
0.0035449042916297913
0.002835238352417946
0.0027161301113665104
0.002026846632361412
0.0021946891210973263
0.0028072509448975325
0.004771089181303978
0.005749795585870743
0.008009419776499271
0.007563644088804722
0.006615791469812393
0.005348173435777426
0.004636774305254221
0.0034767186734825373
0.003722157096490264
0.0035926394630223513
0.003160343738272786
0.0031584417447447777
0.004301390144973993
0.005464907269924879
0.006800021510571241
0.0073241181671619415
0.007948563434183598
0.005683549214154482
0.005046308506280184
0.0037231293972581625
0.0028661591932177544
0.002331770258024335
0.0026039155200123787
0.0023921567481011152
0.0030459356494247913
0.0044990782625973225
0.0063387732952833176
0.007698729168623686
0.009594451636075974
0.007279300596565008
0.006247392855584621
0.0032720505259931087
0.0022593894973397255
0.0017526939045637846
0.001646178774535656
0.0015856593381613493
0.0020563281141221523
0.0027070282958447933
0.004187653306871653
0.007611966226249933
0.010134606622159481
0.007971610873937607
0.0066884662955999374
0.004092758521437645
0.002596047706902027
0.0019321610452607274
0.0016861686017364264
0.001894637942314148
0.002428271807730198
0.002911497838795185
0.0037464431952685118
0.0047140722163021564
0.005635940004140139
0.005892416462302208
0.005962854716926813
0.005208679474890232
0.004701366648077965
0.005810946226119995
0.006045028101652861
0.004724080674350262
0.004432083107531071
0.003662315895780921
0.004086611792445183
0.002689786022529006
0.002887194510549307
0.0029942719265818596
0.003076183842495084
0.003503364510834217
0.004353948403149843
0.004230529069900513
0.004712773021310568
0.005313253961503506
0.005167169496417046
0.004819534718990326
0.0053900075145065784
0.005122416187077761
0.00463460898026824
0.003542710794135928
0.0033136794809252024
0.004194764420390129
0.005339962430298328
0.003574889386072755
0.003297902410849929
0.0029179377015680075
0.002935520140454173
0.003149627475067973
0.0038761883042752743
0.005415686406195164
0.005373422522097826
0.004389536567032337
0.003700137371197343
0.003381373593583703
0.0034265972208231688
0.0032487008720636368
0.003998329397290945
0.004460584372282028
0.004970092326402664
0.005900292191654444
0.006373196374624968
0.005934681743383408
0.005062796641141176
0.002695093397051096
0.0023089293390512466
0.0019681272096931934
0.0017223564209416509
0.0018449154449626803
0.0021692237351089716
0.0026231217198073864
0.0034465990029275417
0.004867466166615486
0.005698697175830603
0.005470403470098972
0.004385833162814379
0.004232658538967371
0.00631833216175437
0.0045679789036512375
0.005900746677070856
0.0054079387336969376
0.0070729064755141735
0.005275920033454895
0.0036857658997178078
0.0026002349331974983
0.0016736674588173628
0.0013290704227983952
0.001426385948434472
0.0016056997701525688
0.0020079859532415867
0.002911421936005354
0.0037999686319381
0.004024593159556389
0.005143213085830212
0.006883525755256414
0.007581691723316908
0.004927505739033222
0.0036819803062826395
0.002495460445061326
0.0019095634343102574
0.0015348873566836119
0.0015542835462838411
0.001661681104451418
0.002222286304458976
0.002966331783682108
0.0046914792619645596
0.005216777790337801
0.006149965338408947
0.004881787579506636
0.004738708958029747
0.0045541804283857346
0.003562740981578827
0.003474981989711523
0.0032108796294778585
0.0025757495313882828
0.0026879189535975456
0.0036276900209486485
0.005302045959979296
0.004604639019817114
0.0047592343762516975
0.0037752524949610233
0.0034431652165949345
0.003827575361356139
0.004719394259154797
0.003209406044334173
0.0028512957505881786
0.002659501973539591
0.0028035587165504694
0.003057434456422925
0.0026050463784486055
0.0028783464804291725
0.002550009172409773
0.0030188525561243296
0.0037132359575480223
0.004574817605316639
0.008174901828169823
0.00505864666774869
0.004431481007486582
0.003867531195282936
0.003207201138138771
0.0022516329772770405
0.0018447928596287966
0.0017009414732456207
0.002327428665012121
0.002410425804555416
0.002731993794441223
0.0034311958588659763
0.004044767003506422
0.005316710099577904
0.0057868314906954765
0.00500134564936161
0.00432987604290247
0.004082594998180866
0.0022883093915879726
0.0019342020386829972
0.0020638322457671165
0.0018931201193481684
0.0020073377527296543
0.002094615949317813
0.0023491252213716507
0.0033108782954514027
0.005259269382804632
0.007252685260027647
0.009583555161952972
0.005313846282660961
0.0039021424017846584
0.0025343189481645823
0.0017480584792792797
0.0012498246505856514
0.0010632104240357876
0.0011423301184549928
0.0013707800535485148
0.0015494143590331078
0.0024387906305491924
0.003949695732444525
0.005420610774308443
0.005440652370452881
0.00597007293254137
0.0038342943880707026
0.004529689438641071
0.005581015255302191
0.004436707589775324
0.0027053221128880978
0.00233327504247427
0.0023376077879220247
0.0020800908096134663
0.0015693764435127378
0.0011511105112731457
0.0013655073707923293
0.0017638077260926366
0.002909131580963731
0.006129288114607334
0.010172697715461254
0.01077493280172348
0.005215924233198166
0.0031351710204035044
0.0017540245316922665
0.001146800466813147
0.0008152758819051087
0.0007704671588726342
0.0007719945861026645
0.0011489313328638673
0.001653423416428268
0.0021185020450502634
0.003232191316783428
0.004621821455657482
0.005604933947324753
0.005504869390279055
0.006136319600045681
0.005263253580778837
0.0033211661502718925
0.002489550970494747
0.0015861690044403076
0.0012813986977562308
0.0012897166889160872
0.0016080065397545695
0.0016061828937381506
0.0021792000625282526
0.0028881183825433254
0.004088298883289099
0.004870292264968157
0.007508309558033943
0.004941991064697504
0.004074189346283674
0.003442856017500162
0.002625831635668874
0.001976656960323453
0.001922883209772408
0.0018880999414250255
0.002274205442517996
0.0023516600485891104
0.0025408538058400154
0.002991332905367017
0.004754818044602871
0.004007784184068441
0.0036736654583364725
0.003681360511109233
0.004226245451718569
0.0030438785906881094
0.0028032774571329355
0.002432947512716055
0.002492212690412998
0.002852872246876359
0.0023481263779103756
0.0024986257776618004
0.003964785486459732
0.004536773078143597
0.0058999937027692795
0.0039845784194767475
0.00328093976713717
0.002585997572168708
0.002154426882043481
0.0018593515269458294
0.0017648539505898952
0.0023076501674950123
0.0028687024023383856
0.0025115907192230225
0.0028696702793240547
0.004184254910796881
0.003721856977790594
0.0027736627962440252
0.0031099822372198105
0.00328378495760262
0.0028515029698610306
0.002841667039319873
0.002759782364591956
0.0023660678416490555
0.0034936177544295788
0.004751578439027071
0.004809376783668995
0.004506878089159727
0.004512757528573275
0.0028518722392618656
0.002350423252210021
0.0018979785963892937
0.0014764415100216866
0.001264959922991693
0.0013778008287772536
0.0016181935789063573
0.0021626814268529415
0.0028038378804922104
0.003806501626968384
0.005135164130479097
0.006432501133531332
0.005520047154277563
0.005751504097133875
0.0034625735133886337
0.002660156460478902
0.0020348711404949427
0.002005601767450571
0.001122801098972559
0.001186150242574513
0.001492636976763606
0.0025884760543704033
0.002852368401363492
0.004792177118360996
0.006029567681252956
0.006778447423130274
0.004280510358512402
0.003325573867186904
0.0022691276390105486
0.0018737292848527431
0.0013094975147396326
0.001256994903087616
0.0013946498511359096
0.0010441053891554475
0.0015873450320214033
0.0024540394078940153
0.002827588701620698
0.0039902240969240665
0.004277397878468037
0.004228265956044197
0.0027345858979970217
0.002696324372664094
0.0024548526853322983
0.0025533256120979786
0.004079784266650677
0.007345074322074652
0.007311163004487753
0.005587426014244556
0.002798838308081031
0.0014528974425047636
0.0008380438666790724
0.0006976457079872489
0.0006826166645623744
0.0007006845553405583
0.0010010412661358714
0.0015349070308730006
0.0024024927988648415
0.0038580852560698986
0.0051016793586313725
0.0068746404722332954
0.004506630823016167
0.00392536586150527
0.003093285486102104
0.0020270985551178455
0.001266579725779593
0.0010706443572416902
0.001057302812114358
0.001390113728120923
0.0012793138157576323
0.0015860438579693437
0.002220883732661605
0.0032130065374076366
0.0033255720045417547
0.004458482377231121
0.004116757307201624
0.005909256171435118
0.007175196427851915
0.005960983224213123
0.0037499822210520506
0.002498186193406582
0.0016202412080019712
0.0016030871775001287
0.0012411439092829823
0.0015134642599150538
0.0014701022300869226
0.001605079509317875
0.0018613763386383653
0.0021670779678970575
0.0027191084809601307
0.004674527794122696
0.005247976165264845
0.00637736776843667
0.004164481069892645
0.003447200870141387
0.0021203476935625076
0.0014706717338413
0.0009958749869838357
0.0008800990763120353
0.0008715249714441597
0.001011973130516708
0.001210857299156487
0.0016969798598438501
0.0022457363083958626
0.003349836217239499
0.005514916032552719
0.007096462417393923
0.004608750343322754
0.004614891484379768
0.0031489834655076265
0.0025150186847895384
0.0016955010360106826
0.002259800909087062
0.0022474697325378656
0.0014537720708176494
0.0012951717944815755
0.0018638510955497622
0.003188276896253228
0.005058144219219685
0.0037338873371481895
0.004721052013337612
0.002715251175686717
0.00250107329338789
0.0024365042336285114
0.002338958205655217
0.0016918460605666041
0.0015494105173274875
0.0014485196443274617
0.0016346407355740666
0.0019015721045434475
0.002385887550190091
0.0028266303706914186
0.00491294264793396
0.005921594332903624
0.006330318283289671
0.003735499456524849
0.00218424154445529
0.0017408373532816768
0.0011229872470721602
0.0008683159248903394
0.0008852473692968488
0.0009223041124641895
0.0012738486984744668
0.0013284560991451144
0.0024010571651160717
0.0040811654180288315
0.00502137653529644
0.00440422585234046
0.003588721388950944
0.003155834274366498
0.003928964026272297
0.005099566653370857
0.005824580322951078
0.001717477454803884
0.00097800197545439
0.0006938480073586106
0.0007132627069950104
0.0008648886578157544
0.0010423139901831746
0.001259359996765852
0.0016657855594530702
0.0023705672938376665
0.0034759107511490583
0.0040159691125154495
0.004153719171881676
0.0028333687223494053
0.0022863668855279684
0.002623947337269783
0.005252102389931679
0.0044840010814368725
0.0035455566830933094
0.003532115137204528
0.003180643543601036
0.0017300265608355403
0.0015201143687590957
0.0013152151368558407
0.001237670425325632
0.0012221471406519413
0.0014459395315498114
0.0016635825159028172
0.002328059170395136
0.002634292235597968
0.003460027277469635
0.00417631259188056
0.00363901536911726
0.002480349037796259
0.001777210389263928
0.0014463774859905243
0.0015651392750442028
0.002569595817476511
0.0033618679735809565
0.0011436580680310726
0.0015530433738604188
0.002113149268552661
0.00276890373788774
0.0030651527922600508
0.0032586001325398684
0.0031950955744832754
0.004232949111610651
0.0061233993619680405
0.007153583690524101
0.002023280132561922
0.0014282342744991183
0.0010636899387463927
0.0010532865999266505
0.0009232813608832657
0.0013612189795821905
0.00142479850910604
0.001318583032116294
0.0016408206429332495
0.002415257040411234
0.0037219682708382607
0.004382010083645582
0.0035784197971224785
0.003418651409447193
0.002644775900989771
0.0023698569275438786
0.001508930348791182
0.0014632055535912514
0.0015421930002048612
0.001606858684681356
0.001522556645795703
0.002148922299966216
0.004267613869160414
0.0054653421975672245
0.003922007512301207
0.0045395344495773315
0.0035074972547590733
0.0023739729076623917
0.0018823727732524276
0.0019932466093450785
0.001177408965304494
0.001583058969117701
0.002094738883897662
0.0023415011819452047
0.002552836900576949
0.0028222447726875544
0.002496609929949045
0.0029998591635376215
0.0016667504096403718
0.001575516420416534
0.001997330691665411
0.0021922634914517403
0.0015841217245906591
0.002143397694453597
0.0027304759714752436
0.003872610628604889
0.003603050485253334
0.0037734394427388906
0.0018724160036072135
0.0022803775500506163
0.0020064187701791525
0.0022208853624761105
0.0034297395031899214
0.0034230747260153294
0.002516709268093109
0.0024202989879995584
0.0019183072727173567
0.0019242201233282685
0.0023252174723893404
0.003468515584245324
0.002581764943897724
0.0025584856048226357
0.0027533723041415215
0.0030146196950227022
0.0024170796386897564
0.0026748415548354387
0.002522288588806987
0.002195141976699233
0.0018108850345015526
0.0016927816905081272
0.001496860641054809
0.001408372656442225
0.0017353540752083063
0.0043714516796171665
0.003514313604682684
0.0029650493524968624
0.003047491889446974
0.00286211003549397
0.0023170956410467625
0.0020289940293878317
0.00175732490606606
0.00176091433968395
0.002197996713221073
0.0019795773550868034
0.0015039152931421995
0.0017209005309268832
0.0016555620823055506
0.0018942431779578328
0.0024550200905650854
0.0036906034220010042
0.00513521209359169
0.005266600288450718
0.0028176463674753904
0.002635972574353218
0.0026532262563705444
0.0023605767637491226
0.0018274878384545445
0.001558284624479711
0.0011350614950060844
0.001089533674530685
0.0015777082880958915
0.0029619941487908363
0.0024147636722773314
0.002422334859147668
0.002840992296114564
0.003006032668054104
0.0024958818685263395
0.002244148403406143
0.0022577722556889057
0.00361906411126256
0.004055539146065712
0.00300922361202538
0.0015939868753775954
0.0010576770873740315
0.000933943665586412
0.0009902648162096739
0.0009522793698124588
0.0014144029701128602
0.002017049118876457
0.0031388229690492153
0.00479933200404048
0.006467229686677456
0.003947807941585779
0.0030363465193659067
0.0023787133395671844
0.001485359505750239
0.0011433265171945095
0.0007303236634470522
0.0008000642992556095
0.0008510337793268263
0.0009063369943760335
0.0013554649194702506
0.0022159351501613855
0.003694640938192606
0.005631621927022934
0.005810445174574852
0.0035180500708520412
0.0031310913618654013
0.0024942667223513126
0.0011660302989184856
0.0009219569037668407
0.0009276661439798772
0.0006417304393835366
0.0008161789155565202
0.0005234713898971677
0.0007488900446332991
0.0021671822760254145
0.0049125119112432
0.004623738117516041
0.00510899443179369
0.004156497772783041
0.002712829038500786
0.001933292020112276
0.002091808244585991
0.0023717591539025307
0.001584709039889276
0.0013356921263039112
0.0014043771661818027
0.0014293461572378874
0.001901174196973443
0.0020592063665390015
0.003607648890465498
0.004227223806083202
0.00388894509524107
0.0030899003613740206
0.0031965437810868025
0.002422340912744403
0.0021473488304764032
0.0018932442180812359
0.0014881202951073647
0.0011845009867101908
0.0012810196494683623
0.0015983429038897157
0.002491784980520606
0.0031291809864342213
0.003524358617141843
0.0030945921316742897
0.0033471251372247934
0.0028672576881945133
0.002236868953332305
0.0016885894583538175
0.0020070765167474747
0.0016047522658482194
0.0017438497161492705
0.002081167185679078
0.0036228476092219353
0.004287848714739084
0.0025596637278795242
0.0017681487370282412
0.0017580552957952023
0.0010920335771515965
0.0011911566834896803
0.0015176722081378102
0.001959611428901553
0.0025218829978257418
0.0023586389143019915
0.0021769278682768345
0.002336077857762575
0.0024847392924129963
0.003349532838910818
0.0024788673035800457
0.00231449818238616
0.002227339195087552
0.002165718236938119
0.0020662248134613037
0.0018576342845335603
0.0013594678603112698
0.0015000446001067758
0.0017367945984005928
0.003708304837346077
0.005535142030566931
0.005080255214124918
0.0031422448810189962
0.002135572489351034
0.0015223509399220347
0.0013445678632706404
0.001287460676394403
0.0010664452565833926
0.0012009900528937578
0.0012602971401065588
0.001517250668257475
0.0023067397996783257
0.0022894220892339945
0.003219813806936145
0.003133409656584263
0.0030959027353674173
0.002154664136469364
0.0014687165385112166
0.0016113212332129478
0.0024468342307955027
0.002501910552382469
0.0026202546432614326
0.0027951416559517384
0.002927359426394105
0.002545934868976474
0.0029368484392762184
0.0019497406901791692
0.0022078221663832664
0.0022577657364308834
0.002178932772949338
0.001917832181788981
0.002043120563030243
0.0018133828416466713
0.001758175203576684
0.0018933997489511967
0.001951430574990809
0.0014672083780169487
0.0016312765656039119
0.0017434724140912294
0.0023278086446225643
0.001974883722141385
0.002632930874824524
0.002301120664924383
0.002748689381405711
0.0036439718678593636
0.004424513317644596
0.002936827251687646
0.003742105094715953
0.002348540583625436
0.002458779374137521
0.0024358739610761404
0.001462298328988254
0.0013099063653498888
0.0011635031551122665
0.0010964914690703154
0.0012452715309336782
0.0014974507503211498
0.0023293194826692343
0.003477639053016901
0.004713085945695639
0.002597840502858162
0.0030435172375291586
0.002637881552800536
0.0019325274042785168
0.0018744086846709251
0.002513380954042077
0.0027700818609446287
0.002611973322927952
0.0015066323103383183
0.0018967593787238002
0.0027991319075226784
0.0031103172805160284
0.002147974679246545
0.0021260008215904236
0.0018549507949501276
0.0015947511419653893
0.0016025981167331338
0.0016386568313464522
0.0015204373048618436
0.0014776058960705996
0.0015764380805194378
0.0016905865631997585
0.0019878502935171127
0.002571623306721449
0.0023880135267972946
0.0027086359914392233
0.002662093611434102
0.0022545508109033108
0.003696695202961564
0.004522660281509161
0.002063524443656206
0.0017430169973522425
0.0013550997246056795
0.001001761294901371
0.000944386119954288
0.00118786352686584
0.0016279417322948575
0.0027080783620476723
0.004150666296482086
0.006200472824275494
0.004803414456546307
0.0025747569743543863
0.002135052578523755
0.0012743952684104443
0.0008593000238761306
0.0007256134413182735
0.0010916001629084349
0.0013390567619353533
0.0010404756758362055
0.001329797669313848
0.001696768682450056
0.0021604907233268023
0.0027981572784483433
0.004060551058501005
0.003338951850309968
0.0030231603886932135
0.002150073414668441
0.0014452997129410505
0.001403946429491043
0.001714973128400743
0.0015912295784801245
0.0014269840903580189
0.0016401027096435428
0.002200233982875943
0.0034024675842374563
0.004257130902260542
0.0025135737378150225
0.002800980117172003
0.002965248189866543
0.0016298267291858792
0.001141525455750525
0.0009141230839304626
0.0013364767655730247
0.0023640638682991266
0.0020534838549792767
0.0024342816323041916
0.00257585640065372
0.002750685438513756
0.0019212184706702828
0.001962515525519848
0.0026238185819238424
0.0030252111610025167
0.0018554988782852888
0.0019878719467669725
0.0019592889584600925
0.001873874687589705
0.001705978182144463
0.0020316869486123323
0.0012295691994950175
0.0018441901775076985
0.0019114777678623796
0.0019798045977950096
0.002183743054047227
0.0038675584364682436
0.00527266226708889
0.003351318184286356
0.00239029573276639
0.00100352440495044
0.0008411876042373478
0.0007265493040904403
0.000812192854937166
0.001042585470713675
0.0015260570216923952
0.0022213885094970465
0.003977726213634014
0.0065313116647303104
0.003964042756706476
0.0031017777509987354
0.0021213057916611433
0.0013832047116011381
0.0010144703555852175
0.0008386900881305337
0.0005966125172562897
0.0007015609880909324
0.000853328499943018
0.0006849028868600726
0.0009998809546232224
0.0015174958389252424
0.0018405324080958962
0.002775723347440362
0.0035297847352921963
0.00282783480361104
0.003820492886006832
0.007340550888329744
0.005378853529691696
0.003643845207989216
0.0014555001398548484
0.0007445348892360926
0.0004290820797905326
0.00036161384196020663
0.0003686700074467808
0.0003450223885010928
0.0003468945506028831
0.00045516452519223094
0.0007014215225353837
0.0015109789092093706
0.0028321167919784784
0.003629869781434536
0.004558505956083536
0.0049983542412519455
0.005392749328166246
0.003220146521925926
0.002022711094468832
0.0013994807377457619
0.0008319318876601756
0.0007352666580118239
0.0007589176530018449
0.0006594362203031778
0.0007296502008102834
0.0009941004682332277
0.0013641612604260445
0.0025307894684374332
0.0032763350754976273
0.0031183636747300625
0.0031696686055511236
0.003443600609898567
0.0026444541290402412
0.0015787103911861777
0.0013408830855041742
0.001259483047761023
0.0015273428289219737
0.0013464289950206876
0.0012108919909223914
0.0017275388818234205
0.002055234042927623
0.0029293701518326998
0.0021643764339387417
0.0019604263361543417
0.0020280228927731514
0.0013540820218622684
0.0013024075888097286
0.0022164208348840475
0.002011219272390008
0.0030342519748955965
0.0033008945174515247
0.003936296794563532
0.003808661364018917
0.0031698718667030334
0.002156012924388051
0.002275363774970174
0.001030237996019423
0.0010292300721630454
0.001101702800951898
0.0012010798091068864
0.001399506814777851
0.0014594264794141054
0.0016840521711856127
0.0020067994482815266
0.0027338883373886347
0.0048100329004228115
0.0029448880814015865
0.0023517594672739506
0.00201628846116364
0.0016619781963527203
0.0013524189125746489
0.001204339088872075
0.0012245477410033345
0.0017090821638703346
0.0014950413024052978
0.0014842021046206355
0.0019568249117583036
0.002573062665760517
0.002005532383918762
0.002081104554235935
0.002460237592458725
0.002422366989776492
0.0018455019453540444
0.0022496310994029045
0.0033418191596865654
0.0040785218589007854
0.004031265154480934
0.00270112999714911
0.0019277090905234218
0.0014148219488561153
0.0010914697777479887
0.0007498638588003814
0.0007358799339272082
0.0014882147079333663
0.0024351978208869696
0.00268876482732594
0.002067460911348462
0.002295715967193246
0.0018489761278033257
0.001605005469173193
0.0011153322411701083
0.0014345612144097686
0.0021985736675560474
0.003516141790896654
0.0023259413428604603
0.002692759269848466
0.002677903976291418
0.0025169583968818188
0.0013990162406116724
0.0014424653491005301
0.001750504714436829
0.002955404808744788
0.0010222975397482514
0.001051677274517715
0.0015649566194042563
0.0022250839974731207
0.0024533357936888933
0.0019469885155558586
0.0022167821880429983
0.003129783784970641
0.001892067608423531
0.0019705919548869133
0.001845471910201013
0.002398211043328047
0.00270110834389925
0.0026148916222155094
0.0018543999176472425
0.0017842878587543964
0.0013082396471872926
0.0011555004166439176
0.001193234813399613
0.0013663256540894508
0.002452974207699299
0.003278437303379178
0.0024420921690762043
0.00244290754199028
0.0020171129144728184
0.001438559265807271
0.0010569292353466153
0.0009137632441706955
0.000609240960329771
0.0004927959525957704
0.0004622847191058099
0.0007073781453073025
0.0010748736094683409
0.001773201860487461
0.0027136518619954586
0.0035429212730377913
0.0035515681374818087
0.00499206967651844
0.0031351703219115734
0.0033845482394099236
0.0013131971936672926
0.0009997248416766524
0.0007946087280288339
0.0010163977276533842
0.0010497121838852763
0.0011420767987146974
0.0014854059554636478
0.002585827372968197
0.003087181830778718
0.0033852674532681704
0.0016377936117351055
0.0017478051595389843
0.0018315422348678112
0.0020847676787525415
0.0022721202112734318
0.001872680732049048
0.0014709180686622858
0.0015327678993344307
0.0015253531746566296
0.0012055737897753716
0.0015254224417731166
0.0026361846830695868
0.0042378162033855915
0.006235835608094931
0.004043346270918846
0.0027695586904883385
0.0018851293716579676
0.0009410403436049819
0.0005328894476406276
0.00036531477235257626
0.00036470062332227826
0.0004013517464045435
0.0004685496096499264
0.0006506274803541601
0.0009430863428860903
0.001531133078970015
0.00235971761867404
0.0035664343740791082
0.0034232225734740496
0.0034615120384842157
0.0034799284767359495
0.0024831248447299004
0.0011378093622624874
0.001073836931027472
0.0009383891592733562
0.0010720852296799421
0.0013719614362344146
0.0022585864644497633
0.003447093302384019
0.004545371979475021
0.003000113880261779
0.0032865991815924644
0.002429902320727706
0.0012121914187446237
0.0006850892095826566
0.0007418444147333503
0.0010939043713733554
0.0011817084159702063
0.0011243431363254786
0.0012731346068903804
0.0015684649115428329
0.002416251925751567
0.0038353747222572565
0.004393342882394791
0.0022538199555128813
0.0021043915767222643
0.0016786507330834866
0.0013218707172200084
0.0008749287808313966
0.0009524470078758895
0.0009407316101714969
0.0009479104774072766
0.001239070319570601
0.002405795268714428
0.002433489076793194
0.002478980924934149
0.0033955660182982683
0.0035061039961874485
0.0020569204352796078
0.0016917033353820443
0.0015764266718178988
0.0020410113502293825
0.0032668423373252153
0.002980804769322276
0.001936069456860423
0.0027715873438864946
0.0016238003736361861
0.0012655362952500582
0.001100329216569662
0.0009817919926717877
0.0009689935832284391
0.001020963303744793
0.0010758769931271672
0.0015227344119921327
0.0026062310207635164
0.0043981983326375484
0.004285903647542
0.004242193419486284
0.002703866921365261
0.002212762599810958
0.0014922894770279527
0.0009104306809604168
0.0007449491531588137
0.0006604304653592408
0.0006502129836007953
0.0006560784531757236
0.0008368290727958083
0.0010968910064548254
0.0012870467035099864
0.0018436938989907503
0.0021204138174653053
0.0028028604574501514
0.005772004835307598
0.006097983568906784
0.0022461179178208113
0.0014974061632528901
0.0009025008184835315
0.0006189962150529027
0.0005422593676485121
0.000543692207429558
0.0005722606438212097
0.0010430696420371532
0.001601747004315257
0.0017435566987842321
0.0022433598060160875
0.003072489285841584
0.003520101075991988
0.004847067873924971
0.0035293095279484987
0.002142372541129589
0.0015518174041062593
0.001881306292489171
0.0018506529740989208
0.0009197329636663198
0.0008755019516684115
0.0008636789279989898
0.0008406992419622838
0.0008320438209921122
0.00084996985970065
0.0010420222533866763
0.0017923484556376934
0.003738414729014039
0.002760394010692835
0.003399061970412731
0.0020080646499991417
0.00169208156876266
0.0013416605070233345
0.001278984360396862
0.0011599590070545673
0.0012603581417351961
0.0017644459148868918
0.0028058586176484823
0.0026214630343019962
0.0025951408315449953
0.0021566664800047874
0.0019513415172696114
0.0012607171665877104
0.0008532853680662811
0.0006569700199179351
0.0008138048578985035
0.0011322348145768046
0.0013989422004669905
0.0014348127879202366
0.0023312759585678577
0.0028732772916555405
0.0035151364281773567
0.0015609487891197205
0.0021767057478427887
0.0022516814060509205
0.0021811213809996843
0.00198030611500144
0.001756481360644102
0.0014003264950588346
0.0015424154698848724
0.001796893891878426
0.001939376350492239
0.0023274002596735954
0.0019108590204268694
0.0021127858199179173
0.0022847233340144157
0.0019441363401710987
0.0016362837050110102
0.0017078499076887965
0.002387712011113763
0.001688896561972797
0.0013389397645369172
0.0012882632436230779
0.0012692698510363698
0.0011437867069616914
0.0012377058155834675
0.0013476810418069363
0.002323718974366784
0.004153337795287371
0.004964481107890606
0.002029356313869357
0.002424706472083926
0.002363166306167841
0.0012019795831292868
0.0006666143308393657
0.0005718898610211909
0.0006111497641541064
0.0007201081025414169
0.0008335525635629892
0.0010940444190055132
0.0014846420381218195
0.002504182979464531
0.0030446392484009266
0.0033026086166501045
0.0025022164918482304
0.0024602278135716915
0.0024978448636829853
0.002280592219904065
0.001590282074175775
0.001419921638444066
0.0012016885448247194
0.001358671928755939
0.0018672922160476446
0.0015578089514747262
0.0011640448356047273
0.0009434802923351526
0.0007616591174155474
0.0009615985327400267
0.0018871146021410823
0.003987676929682493
0.0030530490912497044
0.002833417383953929
0.0024184146896004677
0.0018353090854361653
0.001229586428962648
0.0010727699846029282
0.001149344607256353
0.0010744263418018818
0.001438369625248015
0.0023736748844385147
0.0017250521341338754
0.0014936134684830904
0.001771722105331719
0.0017030462622642517
0.003052195068448782
0.003933591768145561
0.0018138089217245579
0.0018361978000029922
0.0017421296797692776
0.0015486429911106825
0.0013050308916717768
0.0011204078327864408
0.001002912176772952
0.001121078385040164
0.001437087543308735
0.0025209381710737944
0.00370012316852808
0.00436765979975462
0.0023135636001825333
0.0019783424213528633
0.001423708046786487
0.0009497993160039186
0.0006826765020377934
0.0006467925268225372
0.0005790301947854459
0.0006881646113470197
0.0010110873263329268
0.0017243495676666498
0.0018507582135498524
0.0026878376957029104
0.002588830888271332
0.0028067834209650755
0.002905533416196704
0.003434370504692197
0.0030056792311370373
0.00159464031457901
0.0012316204374656081
0.0011595694813877344
0.0012702526291832328
0.001030785497277975
0.0008876422652974725
0.0007966826087795198
0.0008957063546404243
0.0011044904822483659
0.001301315613090992
0.0017276362050324678
0.0018211841816082597
0.0027909313794225454
0.0028867071960121393
0.0037635904736816883
0.003467680187895894
0.00249798153527081
0.0016849387902766466
0.001315732253715396
0.0010930657153949142
0.0008830714505165815
0.0007191767799668014
0.000805835472419858
0.0010415093274787068
0.0013628390152007341
0.0015107772778719664
0.002199736423790455
0.002468593418598175
0.0028033771086484194
0.002143933204934001
0.0016709583578631282
0.0015465766191482544
0.0014725723303854465
0.002261402318254113
0.0035660748835653067
0.0015544131165370345
0.0013146266574040055
0.0018057259730994701
0.0016425246139988303
0.0015078403521329165
0.001427657320164144
0.0011533633805811405
0.0010139296064153314
0.001103768008761108
0.0015115162823349237
0.0018998946761712432
0.0018926907796412706
0.0016464374493807554
0.0020634597167372704
0.002685227897018194
0.0024359384551644325
0.0015265758847817779
0.001663719885982573
0.0015537240542471409
0.0014948239549994469
0.0013933683512732387
0.0012357794912531972
0.0012302132090553641
0.001407322008162737
0.0016115385806187987
0.0012956321006640792
0.0011964826844632626
0.002817949280142784
0.002709844382479787
0.0026142275892198086
0.002470034174621105
0.0022798494901508093
0.0023653849493712187
0.002238092478364706
0.0015908596105873585
0.0011311392299830914
0.001161708845756948
0.0010485290549695492
0.0010568018769845366
0.0009762022527866066
0.001164258224889636
0.001480150269344449
0.001960181398317218
0.0021772782783955336
0.0019455451983958483
0.002286648377776146
0.002578235464170575
0.001945544732734561
0.0019770730286836624
0.002245899522677064
0.002107026521116495
0.0015460726572200656
0.0019309695344418287
0.0016417920123785734
0.0013754544779658318
0.0013752552913501859
0.001212174422107637
0.0015883210580796003
0.002009318210184574
0.0028542724903672934
0.0025123644154518843
0.0025225356221199036
0.0023938585072755814
0.002931534545496106
0.0018752391915768385
0.0014642305904999375
0.0011795687023550272
0.0008936354424804449
0.0007941097137518227
0.0007596607320010662
0.0009923536563292146
0.0010385079076513648
0.0015124552883207798
0.0020931405015289783
0.0017970218323171139
0.0019563750829547644
0.0022163335233926773
0.0019510319689288735
0.001925705699250102
0.002665395848453045
0.0023931993637233973
0.0016140284715220332
0.0013288944028317928
0.001475999248214066
0.0012832769425585866
0.0011288374662399292
0.0010479750344529748
0.0009430396603420377
0.0007888965192250907
0.0010196584044024348
0.001521289232186973
0.002258613705635071
0.001940176822245121
0.002576209371909499
0.002809464931488037
0.00303552090190351
0.0019151929300278425
0.0016695563681423664
0.0017286452930420637
0.001598541857674718
0.001462712767533958
0.003173812525346875
0.003336824243888259
0.0024634813889861107
0.0016775289550423622
0.001495442120358348
0.0013327283086255193
0.0011264490894973278
0.0009714718325994909
0.0009377715177834034
0.0006114703137427568
0.0005911843618378043
0.0007589882588945329
0.0010473422007635236
0.0014042797265574336
0.001923228963278234
0.0029227910563349724
0.0037058668676763773
0.0013992200838401914
0.0013188443845137954
0.0016268125036731362
0.0017747284146025777
0.0019998690113425255
0.0014286318328231573
0.0014346834504976869
0.0017643612809479237
0.0022027113009244204
0.0016165912384167314
0.001706073759123683
0.0012188273249194026
0.0012175801675766706
0.0010664493311196566
0.001109228702262044
0.0012313000624999404
0.0015708953142166138
0.0029932954348623753
0.00362613913603127
0.002175256609916687
0.0020195916295051575
0.0019075438613072038
0.0022263051941990852
0.0018988221418112516
0.0006361872656270862
0.0005405104020610452
0.0004890932468697429
0.0004438346659298986
0.0005465525318868458
0.0010343034518882632
0.0021195756271481514
0.002801056019961834
0.002745464676991105
0.002832897240296006
0.0022135174367576838
0.0016147498972713947
0.0011084440629929304
0.0005845662672072649
0.0005130236968398094
0.0013452657731249928
0.0020273434929549694
0.0024775133933871984
0.0022046202793717384
0.002752312459051609
0.00332688563503325
0.0026120736729353666
0.0020726469811052084
0.0016863225027918816
0.0010976871708407998
0.0007856684969738126
0.000728289654944092
0.0007634330540895462
0.0013922802172601223
0.0016013002023100853
0.0011243649059906602
0.0014318360481411219
0.001618758193217218
0.0017024256521835923
0.002037136349827051
0.002522172871977091
0.00246130651794374
0.002476871246472001
0.0014419364742934704
0.0015541318571195006
0.0013519440544769168
0.0011909048771485686
0.0011690130922943354
0.0013733948580920696
0.0018649070989340544
0.002056768396869302
0.0018527248175814748
0.001602458069100976
0.001876371679827571
0.0018100562738254666
0.0017853165045380592
0.0017352869035676122
0.0013337676646187901
0.0009880830766633153
0.0009583663777448237
0.0010172666516155005
0.0008767528343014419
0.00047228115727193654
0.0008283343631774187
0.0031546088866889477
0.005321826785802841
0.00571017200127244
0.0038350489921867847
0.0022507766261696815
0.0010339438449591398
0.0007730465149506927
0.0006436303956434131
0.00031952245626598597
0.0003365123993717134
0.00032436384935863316
0.00038899813080206513
0.0006151013076305389
0.0009078578441403806
0.0013398492010310292
0.001152165699750185
0.0017824863316491246
0.0025114824529737234
0.0034471326507627964
0.0033900230191648006
0.0015596363227814436
0.0012782105477526784
0.0010604006238281727
0.001063716714270413
0.001405878458172083
0.0016148622380569577
0.0018097220454365015
0.0022695050574839115
0.0026377099566161633
0.001936419284902513
0.0022724654991179705
0.0015191723359748721
0.0017330475384369493
0.0016825288766995072
0.000964562816079706
0.0007406749646179378
0.0005787221598438919
0.0004728904750663787
0.0005642846808768809
0.0007547030691057444
0.0010286136530339718
0.0013953149318695068
0.002011034404858947
0.0026294433046132326
0.004067791625857353
0.00350088719278574
0.0036307023838162422
0.002119701821357012
0.001719481311738491
0.0010616497602313757
0.0007011634297668934
0.000516662432346493
0.0004984235856682062
0.00043865496991202235
0.0005422040703706443
0.0008998957346193492
0.0011848941212520003
0.0016766234766691923
0.002627300564199686
0.00368034397251904
0.003151646815240383
0.0017709813546389341
0.0018736246274784207
0.0016844677738845348
0.0012508368818089366
0.00100328226108104
0.0006201669457368553
0.0010203426936641335
0.002327330643311143
0.0023454197216778994
0.0018963621696457267
0.0018075003754347563
0.001638603862375021
0.0015595442382618785
0.0023098615929484367
0.001507090637460351
0.0015648844419047236
0.0012735002674162388
0.0011864915722981095
0.0010509942658245564
0.0009978734888136387
0.0010186238214373589
0.0015401445562019944
0.002466926584020257
0.002429304178804159
0.0021410714834928513
0.0021728011779487133
0.0013639145763590932
0.0014310531551018357
0.0013549369759857655
0.0015385093865916133
0.001802860526368022
0.0014066785806789994
0.002069333801046014
0.0015697175404056907
0.0014771861024200916
0.0013634776696562767
0.0011891968315467238
0.0012071679811924696
0.0013060305500403047
0.0012084435438737273
0.0011736544547602534
0.0015128107042983174
0.001624025055207312
0.0028336960822343826
0.0034352103248238564
0.0028802400920540094
0.0024802754633128643
0.002295154146850109
0.001570231164805591
0.001013629836961627
0.0005570268840529025
0.00046362585271708667
0.000627951929345727
0.0005885899299755692
0.0006543794879689813
0.000873384706210345
0.001192418159916997
0.0021029796916991472
0.003095711814239621
0.0036145776975899935
0.0020827078260481358
0.002071119612082839
0.001564584206789732
0.0012645345414057374
0.0011821589432656765
0.0007042682846076787
0.0004847444361075759
0.000659848446957767
0.0009150529513135552
0.0012690064031630754
0.0013778256252408028
0.002124387538060546
0.0026050126180052757
0.0033519179560244083
0.0040865070186555386
0.0040134950540959835
0.0018714756006374955
0.0013471698621287942
0.0008287731325253844
0.00045076728565618396
0.00029659405117854476
0.0002586598275229335
0.00022213513148017228
0.00030902514117769897
0.0005473094643093646
0.0006753161433152854
0.0011831598822027445
0.0018678137566894293
0.002457256894558668
0.0025852760300040245
0.002542391186580062
0.00505768321454525
0.00540159223601222
0.003430773504078388
0.001609721453860402
0.0007813939591869712
0.0003237962373532355
0.00016633013729006052
0.00010578359797364101
9.982766641769558e-05
0.00011564329179236665
0.00016922870418056846
0.00030131934909150004
0.0005016810609959066
0.0008541939314454794
0.0016773570096120238
0.0027207224629819393
0.003734870348125696
0.004055666271597147
0.0042350441217422485
0.0009797504171729088
0.0008794800960458815
0.0006579982000403106
0.0005909748142585158
0.0005933102802373469
0.0006809791084378958
0.0010551786981523037
0.0015606647357344627
0.0015979415038600564
0.002101041143760085
0.002145680831745267
0.0019072017166763544
0.0015473116654902697
0.00133912090677768
0.0017392097506672144
0.003295094473287463
0.0030450632330030203
0.003079367568716407
0.0020677896682173014
0.001524711144156754
0.0007842780905775726
0.0007281377911567688
0.0005952173378318548
0.00041954711196012795
0.0003643125528469682
0.0004947965499013662
0.0007027582614682615
0.0012018876150250435
0.0016096554463729262
0.002251273952424526
0.002223181538283825
0.0018770822789520025
0.0009125610231421888
0.0009686766425147653
0.0011423102114349604
0.0013066369574517012
0.0020280922763049603
0.003033673157915473
0.0012469836510717869
0.0013729090569540858
0.0014086486771702766
0.001378274755552411
0.002369130030274391
0.004123840481042862
0.002582884393632412
0.002053705044090748
0.0014449815498664975
0.0007832098053768277
0.0006273053004406393
0.0005311028799042106
0.0004978966899216175
0.0005320851923897862
0.0006511628162115812
0.0010033503640443087
0.0017989217303693295
0.003299193922430277
0.004554995335638523
0.005644325166940689
0.0023385281674563885
0.001963755115866661
0.001493183197453618
0.0009230766445398331
0.0005901936674490571
0.000506004667840898
0.00034808169584721327
0.00038718589348718524
0.00047140271635726094
0.0005882542463950813
0.0008515375666320324
0.0012549288803711534
0.0018014066154137254
0.00264719151891768
0.003558798460289836
0.004076273646205664
0.0028393601533025503
0.001813365495763719
0.0011893772752955556
0.0009571905247867107
0.0006637609913013875
0.0005955940578132868
0.0006461888551712036
0.0006442581070587039
0.0006105707725510001
0.0006976082222536206
0.0005660655442625284
0.0008989335619844496
0.0017077905358746648
0.002538350410759449
0.0019327959744259715
0.0026957779191434383
0.002608028706163168
0.001957228407263756
0.0015234260354191065
0.0017342445207759738
0.001544491620734334
0.002631630515679717
0.0022360687144100666
0.0011937752133235335
0.001113620586693287
0.000953235721681267
0.001028073369525373
0.0010637093801051378
0.000702959718182683
0.000764938595239073
0.0008991429349407554
0.001238286611624062
0.0017772219143807888
0.002280909800902009
0.0019254203652963042
0.0022339047864079475
0.002093792660161853
0.0016852559056133032
0.0022091080900281668
0.0013436871813610196
0.0007061160868033767
0.0006207224214449525
0.0005630500381812453
0.0006759896641597152
0.0009674917673692107
0.0016849382082000375
0.002059197286143899
0.003814192023128271
0.003923505079001188
0.0021738577634096146
0.0018715549958869815
0.0015536292921751738
0.0008552814833819866
0.0006491144886240363
0.0004474658635444939
0.0004289078351575881
0.00043772321077995
0.0004731557855848223
0.0007555357879027724
0.0012691349256783724
0.0012351598124951124
0.0018721410306170583
0.0028376213740557432
0.0045549627393484116
0.003538593417033553
0.0026024046819657087
0.0020515366923063993
0.0016019131289795041
0.001016107271425426
0.0006471276865340769
0.000378363358322531
0.0003617734764702618
0.00038064562249928713
0.00028034107526764274
0.00036953878588974476
0.0005914192879572511
0.0009391524363309145
0.001810230896808207
0.003115306608378887
0.0034213766921311617
0.0023034631740301847
0.001930885948240757
0.0011710465187206864
0.0008408155990764499
0.0006866984185762703
0.0007612013723701239
0.0011273124255239964
0.0014256415888667107
0.0013234940124675632
0.002117565367370844
0.0019250118639320135
0.002303133485838771
0.0018723431276157498
0.0019369007786735892
0.0015997120644897223
0.0013044674415141344
0.001174429664388299
0.0010656212689355016
0.001149766962043941
0.0017080858815461397
0.0019207436125725508
0.0020638268906623125
0.0013008147943764925
0.0013911030255258083
0.001271922723390162
0.0011184264440089464
0.0011305889347568154
0.001242624712176621
0.0019158512586727738
0.001823403057642281
0.0016261665150523186
0.001935176900587976
0.0018123857444152236
0.00135921617038548
0.000980181386694312
0.0008727628155611455
0.0009412353974767029
0.0016374503029510379
0.0017544622533023357
0.001955378334969282
0.0014212834648787975
0.0017942936392500997
0.0015598596073687077
0.0017387132393196225
0.0015893998788669705
0.0012975938152521849
0.0009855034295469522
0.000996798975393176
0.0011063165729865432
0.0023284831549972296
0.0032071510795503855
0.002679999452084303
0.0020577639807015657
0.0017579840496182442
0.0013583276886492968
0.0008139112032949924
0.0006621508509851992
0.0006449393113143742
0.0007608782034367323
0.001168625196442008
0.0026599213015288115
0.0031399447470903397
0.002047720830887556
0.0020121459383517504
0.0015349790919572115
0.0010590399615466595
0.00080727762542665
0.0005281500052660704
0.0004932876909151673
0.0005892369663342834
0.0008951654308475554
0.001514588249847293
0.0017007708083838224
0.0021707501728087664
0.0019291057251393795
0.0020131892524659634
0.0016697859391570091
0.001461643259972334
0.0018712325254455209
0.002304044319316745
0.0009277380886487663
0.0008076878148131073
0.0007024671649560332
0.0009085956262424588
0.0011583998566493392
0.0011533584911376238
0.001232185517437756
0.0013300477294251323
0.0013524737441912293
0.0020959507673978806
0.002884679241105914
0.002189020160585642
0.002563159679993987
0.003409542376175523
0.0013774520484730601
0.001161314663477242
0.0009229571442119777
0.0008526804158464074
0.0010766155319288373
0.0012053725076839328
0.0014710158575326204
0.0010133188916370273
0.0008920233813114464
0.0015189922414720058
0.0013898663455620408
0.002141185337677598
0.0024149399250745773
0.0029392042197287083
0.0017985774902626872
0.0015255408361554146
0.000995637383311987
0.0013030904810875654
0.0011196135310456157
0.0011537463869899511
0.0008932959171943367
0.0010792433749884367
0.0012432752409949899
0.00117608776781708
0.0012906604679301381
0.0015140586765483022
0.0022260176483541727
0.0028601998928934336
0.0019421270117163658
0.0016813508700579405
0.001571502536535263
0.00126499158795923
0.001020420459099114
0.0008684328058734536
0.0007387365330941975
0.000663113547489047
0.0006401682621799409
0.0009108394151553512
0.0014180648140609264
0.002771844621747732
0.003090964164584875
0.002826893236488104
0.0024324017576873302
0.0015653080772608519
0.0010584976989775896
0.0011776761384680867
0.0006048227660357952
0.0005260079633444548
0.0005155359394848347
0.0005928522441536188
0.0006122977356426418
0.0008661713218316436
0.001210167072713375
0.001277617528103292
0.0016806044150143862
0.0029847195837646723
0.003743014531210065
0.0028598082717508078
0.002142545999959111
0.0016143310349434614
0.0009017942938953638
0.00059828523080796
0.0004083326493855566
0.00038524463889189065
0.0006489589577540755
0.0014969322364777327
0.002198192523792386
0.003200711216777563
0.0027643898501992226
0.0023598959669470787
0.001708801370114088
0.00121089699678123
0.0008308226824738085
0.0006297209765762091
0.0005109360790811479
0.0005275707808323205
0.0005211886018514633
0.0006127573433332145
0.0007987128337845206
0.0008009331068024039
0.0015335679054260254
0.0022992894519120455
0.0012552255066111684
0.0017356413882225752
0.0015857358230277896
0.0020316713489592075
0.0027694145683199167
0.0024335873313248158
0.0012907549971714616
0.001000293530523777
0.0008318193722516298
0.001252283458597958
0.0014847569400444627
0.002068457193672657
0.0017135902307927608
0.0019146186532452703
0.0015171193517744541
0.0015288341091945767
0.0006029801443219185
0.0006305724382400513
0.0007115629268810153
0.0011087980819866061
0.0018339214147999883
0.0022126513067632914
0.001684060669504106
0.0018103212350979447
0.001589896623045206
0.0013995638582855463
0.001554951653815806
0.0016135259065777063
0.0012134198332205415
0.001005355385132134
0.0009486214839853346
0.0010909633710980415
0.0013640618417412043
0.002066204324364662
0.00177802296821028
0.0017168953781947494
0.0015313297044485807
0.0012828956823796034
0.0011937827803194523
0.000861483858898282
0.0006875159451738
0.0007594054332002997
0.0016623149858787656
0.0033631392288953066
0.0031697608064860106
0.0027844340074807405
0.0018052058294415474
0.0012039479333907366
0.0007610413595102727
0.0005203071632422507
