1.4623136520385742
0.3033609390258789
0.23347167670726776
0.11902324855327606
0.12935766577720642
0.14155519008636475
0.13512514531612396
0.11449292302131653
0.10629276931285858
0.11063051223754883
0.10352141410112381
0.10287860780954361
0.09170041978359222
0.0609421581029892
0.07217621803283691
0.07332645356655121
0.048021651804447174
0.06450074911117554
0.08644979447126389
0.0424874871969223
0.03730146214365959
0.043020300567150116
0.06678111851215363
0.11942779272794724
0.11754751205444336
0.09805280715227127
0.068814218044281
0.06365511566400528
0.023571457713842392
0.022587034851312637
0.03438928723335266
0.044785238802433014
0.05546610802412033
0.0522952638566494
0.04029064252972603
0.03565213829278946
0.02752327360212803
0.022345203906297684
0.021678319200873375
0.03317154198884964
0.04852095618844032
0.04686693847179413
0.03511088714003563
0.033549968153238297
0.0235370472073555
0.020728835836052895
0.01856187917292118
0.026363277807831764
0.022815728560090065
0.026880988851189613
0.03598453477025032
0.047132980078458786
0.04501635581254959
0.04613307863473892
0.03136279433965683
0.024227581918239594
0.013352045789361
0.01059077586978674
0.007493992336094379
0.00995263084769249
0.00895013753324747
0.013584231957793236
0.021205205470323563
0.03388531878590584
0.04291730746626854
0.04628957808017731
0.02112066186964512
0.015731915831565857
0.011754781939089298
0.012327304109930992
0.012588001787662506
0.014461861923336983
0.02207617461681366
0.030208254233002663
0.027414537966251373
0.033372484147548676
0.028236160054802895
0.02272104099392891
0.012201831676065922
0.011903240345418453
0.013039972633123398
0.01481076143682003
0.01532166451215744
0.017027687281370163
0.014434529468417168
0.02011769823729992
0.02050970308482647
0.025985827669501305
0.021056370809674263
0.021489975973963737
0.014770823530852795
0.0124509921297431
0.009261955507099628
0.011419371701776981
0.011779929511249065
0.013487374410033226
0.01812397874891758
0.02814479172229767
0.03058421052992344
0.031091375276446342
0.014432375319302082
0.01028425432741642
0.007145753595978022
0.007044291123747826
0.009441260248422623
0.010225621052086353
0.011825945228338242
0.017753910273313522
0.021953079849481583
0.031017089262604713
0.02807467244565487
0.023638887330889702
0.015086404047906399
0.012846739031374454
0.006912131793797016
0.006643797270953655
0.00738361943513155
0.010173332877457142
0.01052913349121809
0.01559541467577219
0.014893986284732819
0.021687045693397522
0.022415969520807266
0.024025822058320045
0.016070665791630745
0.013011489994823933
0.0069154961965978146
0.006520404946058989
0.0054647354409098625
0.005606917664408684
0.00555118964985013
0.00765322195366025
0.010742482729256153
0.019058924168348312
0.028159644454717636
0.03514337167143822
0.014235343784093857
0.012998009100556374
0.008018797263503075
0.00784785021096468
0.006494990549981594
0.00826424639672041
0.010461296886205673
0.018761539831757545
0.01876678504049778
0.01870560087263584
0.011554960161447525
0.012017449364066124
0.010427220724523067
0.01146777905523777
0.011733464896678925
0.01585211232304573
0.012217795476317406
0.012747795321047306
0.013635239563882351
0.01911427080631256
0.013574626296758652
0.013341102749109268
0.008291062898933887
0.0076487697660923
0.00833863951265812
0.010583026334643364
0.009527684189379215
0.012149190530180931
0.011516928672790527
0.01579553447663784
0.014662180095911026
0.01971411518752575
0.018774064257740974
0.021103473380208015
0.01254274696111679
0.011564451269805431
0.008899200707674026
0.00746647734194994
0.005481987725943327
0.006401552353054285
0.008171194233000278
0.011877382174134254
0.01673719473183155
0.02195717580616474
0.013437493704259396
0.013309593312442303
0.010160425677895546
0.010686998255550861
0.009582816623151302
0.009787842631340027
0.006460494827479124
0.006366175599396229
0.006231265142560005
0.008642616681754589
0.009088783524930477
0.013418201357126236
0.014683122746646404
0.01923692785203457
0.01629330962896347
0.014498664066195488
0.012054581195116043
0.009585247375071049
0.0055520618334412575
0.006456083618104458
0.005208529997617006
0.007981142029166222
0.006304001435637474
0.00829913467168808
0.010511649772524834
0.013180223293602467
0.013724347576498985
0.01734991744160652
0.00986269861459732
0.012282474897801876
0.01019863598048687
0.01182525884360075
0.009806659072637558
0.014151087030768394
0.012811418622732162
0.011700603179633617
0.006982118356972933
0.008421973325312138
0.010632717981934547
0.010806339792907238
0.008082815445959568
0.00872812420129776
0.00827652495354414
0.007961601950228214
0.005572366062551737
0.007339385338127613
0.007684454321861267
0.01245004404336214
0.01599757745862007
0.02755105495452881
0.016569048166275024
0.012742861174046993
0.005621541757136583
0.004042201209813356
0.0037941234186291695
0.003397858701646328
0.002909883623942733
0.0029639836866408587
0.0032177811954170465
0.00599434832111001
