0.9775224328041077
0.2186512053012848
0.10177380591630936
0.09220115840435028
0.08661853522062302
0.12779587507247925
0.059064749628305435
0.05574457719922066
0.09316999465227127
0.059091247618198395
0.05919491872191429
0.04917192831635475
0.05853128805756569
0.04497674107551575
0.052309632301330566
0.04717213660478592
0.036024753004312515
0.029999535530805588
0.03256971016526222
0.02648770622909069
0.026453468948602676
0.026711104437708855
0.02416914515197277
0.018592869862914085
0.02082156017422676
0.02191551774740219
0.017554285004734993
0.016704745590686798
0.017734553664922714
0.012706783600151539
0.014852701686322689
0.03932825103402138
0.05767815560102463
0.03396148234605789
0.017375167459249496
0.015778599306941032
0.017799876630306244
0.016573498025536537
0.018482452258467674
0.018903987482190132
0.023629508912563324
0.02244262397289276
0.018860651180148125
0.011725244112312794
0.010184036567807198
0.01078481413424015
0.01595575362443924
0.017795199528336525
0.017069006338715553
0.015934724360704422
0.011946966871619225
0.009986137971282005
0.010208657011389732
0.0081632724031806
0.008660434745252132
0.010845042765140533
0.018606584519147873
0.029110059142112732
0.03309212997555733
0.03037305362522602
0.019367726519703865
0.013042292557656765
0.011538824066519737
0.01009359396994114
0.011670837178826332
0.009295979514718056
0.00808810256421566
0.006661756429821253
0.008813353255391121
0.011880764737725258
0.020583903416991234
0.024646110832691193
0.018712591379880905
0.01467288751155138
0.012728902511298656
0.016355250030755997
0.018912049010396004
0.01857539638876915
0.018770961090922356
0.01821930706501007
0.013440333306789398
0.013359813950955868
0.011088648810982704
0.0093641746789217
0.010820184834301472
0.012987068854272366
0.010774043388664722
0.009649393148720264
0.008684218861162663
0.006799858994781971
0.005738513078540564
0.007528236135840416
0.010410039685666561
0.010879423469305038
0.022244462743401527
0.026786036789417267
0.029242027550935745
0.02853628247976303
0.014383412897586823
0.006891780998557806
0.004576118662953377
0.0055458517745137215
0.00570018170401454
0.003985661081969738
0.008142247796058655
0.008978063240647316
0.00859577301889658
0.008407902903854847
0.013603788800537586
0.010916527360677719
0.012221409939229488
0.016905568540096283
0.016373345628380775
0.015882477164268494
0.017570411786437035
0.015485148876905441
0.010171255096793175
0.01142417173832655
0.009504370391368866
0.00893778819590807
0.008107881061732769
0.009147671051323414
0.008647002279758453
0.014103754423558712
0.01624622754752636
0.010585175827145576
0.008541008457541466
0.00591670349240303
0.005883208476006985
0.010761396959424019
0.01772679202258587
0.014398710802197456
0.01410945039242506
0.01119882334023714
0.009006052277982235
0.012898048385977745
0.014654319733381271
0.008309399709105492
0.010933078825473785
0.01210104301571846
0.012511610053479671
0.008392545394599438
0.0075608668848872185
0.010532614775002003
0.012931103818118572
0.014350521378219128
0.012159259058535099
0.009340333752334118
0.01044981274753809
0.014930125325918198
0.01423030998557806
0.007201588712632656
0.005324492231011391
0.0034247543662786484
0.005524167791008949
0.0041163619607687
0.0042680068872869015
0.0038926727138459682
0.004314451478421688
0.007388127036392689
0.010622012428939342
0.015219083987176418
0.01716705411672592
0.026862138882279396
0.022092429921030998
0.013530080206692219
0.005173774436116219
0.005953929387032986
0.004584845155477524
0.004375333897769451
0.0035481529776006937
0.0033661352936178446
0.004386937711387873
0.004756989888846874
0.00755835697054863
0.0037922831252217293
0.004632736090570688
0.004976553376764059
0.00606540497392416
0.014258179813623428
0.02511647529900074
0.025205355137586594
0.016403110697865486
0.010007836855947971
0.008909669704735279
0.007387472316622734
0.005951237864792347
0.0034025844652205706
0.0034419081639498472
0.0041012889705598354
0.0036324195098131895
0.0047295051626861095
0.005649428814649582
0.009443939663469791
0.015749089419841766
0.01616324484348297
0.01390783116221428
0.009132503531873226
0.007619922049343586
0.005282327067106962
0.00443226145580411
0.005689688958227634
0.007718917913734913
0.009345820173621178
0.007650005165487528
0.008493149653077126
0.007625598460435867
0.011071327142417431
0.016296779736876488
0.02059261128306389
0.010402443818747997
0.006337648723274469
0.005158286076039076
0.007302033714950085
0.006730849854648113
0.004607978276908398
0.004424435552209616
0.005752669647336006
0.004747210536152124
0.004757057875394821
0.002204806311056018
0.002882354659959674
0.003288064617663622
0.003838788950815797
0.0047211782075464725
0.006129920948296785
0.011478949338197708
0.023995989933609962
0.01943322829902172
0.012690442614257336
0.00557745061814785
0.007906687445938587
0.009931439533829689
0.006745457649230957
0.006911077536642551
0.004908235277980566
0.00425206683576107
0.007217673119157553
0.008465784601867199
0.007752446457743645
