1.3485863208770752
0.41990721225738525
0.18075554072856903
0.12018243968486786
0.0848250612616539
0.09228075295686722
0.10284709185361862
0.11121709644794464
0.08400236070156097
0.07350815832614899
0.06011761352419853
0.07690292596817017
0.05829436704516411
0.052608367055654526
0.08002316206693649
0.04466598480939865
0.06098819896578789
0.038489580154418945
0.04005211219191551
0.05089117959141731
0.03523261845111847
0.04879811778664589
0.02683994360268116
0.03519400954246521
0.026427466422319412
0.022223325446248055
0.022915726527571678
0.01705295592546463
0.020391548052430153
0.021347351372241974
0.02509038709104061
0.026809368282556534
0.031278081238269806
0.04074185714125633
0.021175429224967957
0.0170644111931324
0.02213800698518753
0.026539916172623634
0.016114648431539536
0.012170808389782906
0.01013088971376419
0.011291022412478924
0.010872426442801952
0.008710052818059921
0.011039120145142078
0.009352181106805801
0.008036586456000805
0.007079811301082373
0.006898635532706976
0.00803525559604168
0.01113069523125887
0.017566652968525887
0.02786896750330925
0.02905438467860222
0.02347770892083645
0.023166678845882416
0.019404403865337372
0.020091313868761063
0.013052470982074738
0.009746760129928589
0.010913386009633541
0.01107780821621418
0.019309556111693382
0.014489762485027313
0.012306226417422295
0.008841332048177719
0.012781985104084015
0.01046718843281269
0.006438019219785929
0.006055621430277824
0.00784637127071619
0.010517824441194534
0.021078193560242653
0.02010473981499672
0.01821073517203331
0.019635215401649475
0.0122678242623806
0.011060291901230812
0.016425739973783493
0.01427145954221487
0.012876128777861595
0.009640879929065704
0.005648955702781677
0.006167945452034473
0.007537422236055136
0.014127015136182308
0.025428326800465584
0.025812923908233643
0.016167443245649338
0.013121876865625381
0.0075110020115971565
0.010611231438815594
0.0075731887482106686
0.009588506072759628
0.007982602342963219
0.009841600432991982
0.008386042900383472
0.008465776219964027
0.009331144392490387
0.009536031633615494
0.009939312934875488
0.013527278788387775
0.014067959040403366
0.01346104871481657
0.01097228191792965
0.015235921368002892
0.012339086271822453
0.011747521348297596
0.008163081482052803
0.010680083185434341
0.01049779448658228
0.010985017754137516
0.009931329637765884
0.01279050949960947
0.011507929302752018
0.014909327030181885
0.010591484606266022
0.01152706053107977
0.007923515513539314
0.007340759038925171
0.008351429365575314
0.011336919851601124
0.01342097669839859
0.013476806692779064
0.017809905111789703
0.015733571723103523
0.011008930392563343
0.007408250588923693
0.007037932053208351
0.0070218550972640514
0.007023570127785206
0.006494143512099981
0.009675412438809872
0.005450001917779446
0.008699134923517704
0.00941794365644455
0.013658426702022552
0.01980501227080822
0.019011052325367928
0.018383532762527466
0.008241596631705761
0.007749621290713549
0.008072158321738243
0.006904255133122206
0.00660961028188467
0.007372598629444838
0.0065104179084300995
0.005382840055972338
0.006193526554852724
0.007395454682409763
0.011935047805309296
0.018907545134425163
0.0194120891392231
0.01212204247713089
0.005059251561760902
0.004967359360307455
0.006665732711553574
0.0071530938148498535
0.007069564890116453
0.007728302385658026
0.010580774396657944
0.01360402349382639
0.009042389690876007
0.011343875899910927
0.012287866324186325
0.011581859551370144
0.011319994926452637
0.011159378103911877
0.012232691049575806
0.010792975313961506
0.0047573428601026535
0.004978520795702934
0.0052625942043960094
0.00740327313542366
0.006536830682307482
0.0037247585132718086
0.003981688059866428
0.006490511819720268
0.009981452487409115
0.012802469544112682
0.016596587374806404
0.010626573115587234
0.010797065682709217
0.010694826953113079
0.007331984583288431
0.006637730170041323
0.006526095326989889
0.006480837240815163
0.005174596328288317
0.004232938401401043
0.0031363284215331078
0.006008153781294823
0.005449386779218912
0.0073161013424396515
0.012802677229046822
0.017775030806660652
0.015339063480496407
0.010173555463552475
0.005545253865420818
0.005130522418767214
0.005322728306055069
0.006201870273798704
0.0061612362042069435
0.004455122631043196
0.0045788646675646305
0.002548002637922764
0.0036186862271279097
0.0025249829050153494
0.003496919060125947
0.0030849925242364407
0.004024927504360676
0.00331350089982152
0.004798091948032379
0.01427812222391367
0.03284098207950592
0.02062056213617325
0.009398520924150944
0.0051841288805007935
0.0065841032192111015
0.004191400483250618
0.0024233597796410322
0.003722928464412689
0.003880414878949523
0.0026736469008028507
0.0042724404484033585
0.005594824440777302
0.00802721455693245
0.0161875169724226
0.015672916546463966
0.0063187615014612675
0.0036514312960207462
0.0029841980431228876
0.0025200683157891035
0.004265034105628729
0.004318178631365299
0.0051976824179291725
0.006856515537947416
0.008069111034274101
0.013945403508841991
0.018251270055770874
